%YAML:1.0
---
Camera.type: omni
Distortion.type: none
EnableDewarp: true
# Camera left : fx fy cx cy xi alpha beta
Camera.fx: 8.2084587617420982e+02
Camera.fy: 8.2301415175370448e+02
Camera.cx: 3.1576600506883210e+02
Camera.cy: 1.9968335875698170e+02
Camera.xi: 1.8614861655164250e+00
Camera.alpha: 0.
Camera.beta: 0.
# Camera left : k1 k2 k3 k4 p1(r1) p2(r2) w
Camera.k1: 0.
Camera.k2: 0.
Camera.k3: 0.
Camera.k4: 0.
Camera.p1: 0.
Camera.p2: 0.
Camera.w: 0.
# p1 , intrinsic matrix on base left camera
p1: !!opencv-matrix
   rows: 3
   cols: 4
   dt: f
   data: [ 8.20845886e+02, 0., 3.15765991e+02, 0., 0., 8.23014160e+02,
       1.99683365e+02, 0., 0., 0., 1., 0. ]
# Camera right : fx fy cx cy xi alpha beta
Camera2.fx: 8.1600999811443614e+02
Camera2.fy: 8.1840715597952112e+02
Camera2.cx: 3.1425790719436429e+02
Camera2.cy: 1.9880782322064974e+02
Camera2.xi: 1.8442745141160564e+00
Camera2.alpha: 0.
Camera2.beta: 0.
# Camera right : k1 k2 k3 k4 p1(r1) p2(r2) w
Camera2.k1: 0.
Camera2.k2: 0.
Camera2.k3: 0.
Camera2.k4: 0.
Camera2.p1: 0.
Camera2.p2: 0.
Camera2.w: 0.
# p2 , intrinsic matrix on base right camera
p2: !!opencv-matrix
   rows: 3
   cols: 4
   dt: f
   data: [ 8.20845886e+02, 0., 3.15765991e+02, -2.30310192e+01, 0.,
       8.23014160e+02, 1.99683365e+02, 0., 0., 0., 1., 0. ]
# Camera resolution
Camera.width: 640
Camera.height: 400
# Camera frames per second
Camera.fps: 30.
# Color order of the images (0: BGR, 1: RGB. It is ignored if images are grayscale)
Camera.RGB: 1
# Image scale, it changes the image size to be processed (<1.0: reduce, >1.0: increase)
Camera.imageScale: 1
# Close/Far threshold. Baseline times.
ThDepth: 80.
# stereo baseline times fx. = fx * baseline /m
Camera.bf: 2.3031019210815430e+01
# Tbc1 , from imu to left camera
Tbc1: !!opencv-matrix
   rows: 4
   cols: 4
   dt: f
   data: [ 9.99712825e-01, 1.36868078e-02, -1.96713805e-02,
       4.84499522e-02, -1.37686236e-02, 9.99897063e-01, -4.02970333e-03,
       2.56090378e-03, 1.96142029e-02, 4.29939386e-03, 9.99798357e-01,
       2.78201117e-03, 0., 0., 0., 1. ]
# Tbc2 , from imu to right camera
Tbc2: !!opencv-matrix
   rows: 4
   cols: 4
   dt: f
   data: [ 9.99946475e-01, -9.90407728e-03, -3.00179934e-03,
       -3.18713710e-02, 9.87753551e-03, 9.99913096e-01, -8.73131678e-03,
       3.80266318e-03, 3.08801420e-03, 8.70119873e-03, 9.99957383e-01,
       3.32972337e-03, 0., 0., 0., 1. ]
# Tlr , from right camera to left camera
Tlr: !!opencv-matrix
   rows: 4
   cols: 4
   dt: f
   data: [ 9.99582767e-01, -2.36588474e-02, 1.65693760e-02,
       -8.02866220e-02, 2.37320755e-02, 9.99709368e-01, -4.23679641e-03,
       1.04472572e-04, -1.64643228e-02, 4.62825457e-03, 9.99853730e-01,
       1.33396243e-03, 0., 0., 0., 1. ]
# Tib , from imu to imu
Tib: !!opencv-matrix
   rows: 4
   cols: 4
   dt: f
   data: [ 1., 0., 0., 0., 0., 1., 0., 0., 0., 0., 1., 0., 0., 0., 0.,
       1. ]
# timeshift from cam1 to imu
IMU.timeshift_cam1_imu: -1.7191977240145206e-03
# timeshift from cam2 to imu
IMU.timeshift_cam2_imu: -1.6990624135360122e-03
# Do not insert KFs when recently lost
InsertKFsWhenLost: 0
# IMU noise (Use those from VINS-mono)
IMU.NoiseGyro: 5.2065802738070488e-03
IMU.NoiseAcc: 5.5650476366281509e-02
IMU.GyroWalk: 9.7910189651884139e-05
IMU.AccWalk: 9.3594461213797331e-04
# IMU Frequency)
IMU.Frequency: 1000.
# 
# ORB Parameters
# ORB Extractor: Number of features per image
ORBextractor.nFeatures: 1500
# ORB Extractor: Scale factor between levels in the scale pyramid
ORBextractor.scaleFactor: 1.2000000000000000e+00
# ORB Extractor: Number of levels in the scale pyramid
ORBextractor.nLevels: 8
# Image is divided in a grid. At each cell FAST are extracted imposing a minimum response.
# Firstly we impose iniThFAST. If no corners are detected we impose a lower value minThFAST
# You can lower these values if your images have low contrast
ORBextractor.iniThFAST: 20
ORBextractor.minThFAST: 7
# Viewer Parameters
Viewer.KeyFrameSize: 5.0000000000000003e-02
Viewer.KeyFrameLineWidth: 1
Viewer.GraphLineWidth: 9.0000000000000002e-01
Viewer.PointSize: 2
Viewer.CameraSize: 8.0000000000000002e-02
Viewer.CameraLineWidth: 3
Viewer.ViewpointX: 0
Viewer.ViewpointY: -6.9999999999999996e-01
Viewer.ViewpointZ: -3.5000000000000000e+00
Viewer.ViewpointF: 500
