%YAML:1.0
---
type: IMU
name: Cougar2085V4_noise
Gyr:
   unit: " rad/s"
   avg-axis:
      gyr_n: 6.5268588741941571e-03
      gyr_w: 4.7748305628539049e-05
   x-axis:
      gyr_n: 7.9191516109843405e-03
      gyr_w: 5.9632851646979610e-05
   y-axis:
      gyr_n: 7.3210164532290286e-03
      gyr_w: 5.8990928041413563e-05
   z-axis:
      gyr_n: 4.3404085583691005e-03
      gyr_w: 2.4621137197223970e-05
Acc:
   unit: " m/s^2"
   avg-axis:
      acc_n: 4.7750434790977757e-02
      acc_w: 7.0703796069420278e-04
   x-axis:
      acc_n: 3.2938601520579217e-02
      acc_w: 4.1988917557869661e-04
   y-axis:
      acc_n: 3.9400979563911080e-02
      acc_w: 7.2804050173601049e-04
   z-axis:
      acc_n: 7.0911723288442988e-02
      acc_w: 9.7318420476790130e-04
