%YAML:1.0
---
Camera.type: omni
Distortion.type: radtan
EnableDewarp: true
# Camera left : fx fy cx cy xi alpha beta
Camera.fx: 8.3070045409913143e+02
Camera.fy: 8.3157961721729009e+02
Camera.cx: 3.1843467946952461e+02
Camera.cy: 2.0322992976824790e+02
Camera.xi: 1.8975984002047150e+00
Camera.alpha: 0.
Camera.beta: 0.
# Camera left : k1 k2 k3 k4 p1(r1) p2(r2) w
Camera.k1: -1.1604467172233306e-01
Camera.k2: 9.9060822515060842e-01
Camera.k3: 0.
Camera.k4: 0.
Camera.p1: -3.5504075015582695e-03
Camera.p2: -2.4597703836713586e-03
Camera.w: 0.
# p1 , intrinsic matrix on base left camera
p1: !!opencv-matrix
   rows: 3
   cols: 4
   dt: f
   data: [ 8.30700439e+02, 0., 3.18434692e+02, 0., 0., 8.31579590e+02,
       2.03229935e+02, 0., 0., 0., 1., 0. ]
# Camera right : fx fy cx cy xi alpha beta
Camera2.fx: 8.4221024212757686e+02
Camera2.fy: 8.4262127505292597e+02
Camera2.cx: 3.1850383506028601e+02
Camera2.cy: 2.0272239736621182e+02
Camera2.xi: 1.9377639920314949e+00
Camera2.alpha: 0.
Camera2.beta: 0.
# Camera right : k1 k2 k3 k4 p1(r1) p2(r2) w
Camera2.k1: -9.9934154725462118e-02
Camera2.k2: 1.0724892865337292e+00
Camera2.k3: 0.
Camera2.k4: 0.
Camera2.p1: -5.0297983336975004e-03
Camera2.p2: -3.5309748682689798e-03
Camera2.w: 0.
# p2 , intrinsic matrix on base right camera
p2: !!opencv-matrix
   rows: 3
   cols: 4
   dt: f
   data: [ 8.30700439e+02, 0., 3.18434692e+02, -2.31015854e+01, 0.,
       8.31579590e+02, 2.03229935e+02, 0., 0., 0., 1., 0. ]
# Camera resolution
Camera.width: 640
Camera.height: 400
# Camera frames per second
Camera.fps: 30.
# Color order of the images (0: BGR, 1: RGB. It is ignored if images are grayscale)
Camera.RGB: 1
# Image scale, it changes the image size to be processed (<1.0: reduce, >1.0: increase)
Camera.imageScale: 1
# Close/Far threshold. Baseline times.
ThDepth: 80.
# stereo baseline times fx. = fx * baseline /m
Camera.bf: 2.3101585388183594e+01
# Tbc1 , from imu to left camera
Tbc1: !!opencv-matrix
   rows: 4
   cols: 4
   dt: f
   data: [ 9.99613762e-01, 1.77826993e-02, -2.13556830e-02,
       4.51619029e-02, -1.80385280e-02, 9.99767125e-01, -1.18471961e-02,
       2.38052127e-03, 2.11400334e-02, 1.22278463e-02, 9.99701738e-01,
       1.73730333e-03, 0., 0., 0., 1. ]
# Tbc2 , from imu to right camera
Tbc2: !!opencv-matrix
   rows: 4
   cols: 4
   dt: f
   data: [ 9.99930024e-01, -6.84165722e-03, -9.64911561e-03,
       -3.54755446e-02, 6.67490484e-03, 9.99829650e-01, -1.72092095e-02,
       3.42621352e-03, 9.76521149e-03, 1.71435997e-02, 9.99805331e-01,
       1.27574801e-03, 0., 0., 0., 1. ]
# Tlr , from right camera to left camera
Tlr: !!opencv-matrix
   rows: 4
   cols: 4
   dt: f
   data: [ 9.99628246e-01, -2.47630160e-02, 1.14086587e-02,
       -8.05815309e-02, 2.48195101e-02, 9.99680221e-01, -4.83720656e-03,
       -6.60392616e-05, -1.12852268e-02, 5.11856563e-03, 9.99923229e-01,
       3.60555314e-05, 0., 0., 0., 1. ]
# Tib , from imu to imu
Tib: !!opencv-matrix
   rows: 4
   cols: 4
   dt: f
   data: [ 1., 0., 0., 0., 0., 1., 0., 0., 0., 0., 1., 0., 0., 0., 0.,
       1. ]
# timeshift from cam1 to imu
IMU.timeshift_cam1_imu: -1.6464444343000650e-03
# timeshift from cam2 to imu
IMU.timeshift_cam2_imu: -1.7220514127984643e-03
# Do not insert KFs when recently lost
InsertKFsWhenLost: 0
# IMU noise (Use those from VINS-mono)
IMU.NoiseGyro: 5.2065802738070488e-03
IMU.NoiseAcc: 5.5650476366281509e-02
IMU.GyroWalk: 9.7910189651884139e-05
IMU.AccWalk: 9.3594461213797331e-04
# IMU Frequency)
IMU.Frequency: 1000.
# 
# ORB Parameters
# ORB Extractor: Number of features per image
ORBextractor.nFeatures: 1500
# ORB Extractor: Scale factor between levels in the scale pyramid
ORBextractor.scaleFactor: 1.2000000000000000e+00
# ORB Extractor: Number of levels in the scale pyramid
ORBextractor.nLevels: 8
# Image is divided in a grid. At each cell FAST are extracted imposing a minimum response.
# Firstly we impose iniThFAST. If no corners are detected we impose a lower value minThFAST
# You can lower these values if your images have low contrast
ORBextractor.iniThFAST: 20
ORBextractor.minThFAST: 7
# Viewer Parameters
Viewer.KeyFrameSize: 5.0000000000000003e-02
Viewer.KeyFrameLineWidth: 1
Viewer.GraphLineWidth: 9.0000000000000002e-01
Viewer.PointSize: 2
Viewer.CameraSize: 8.0000000000000002e-02
Viewer.CameraLineWidth: 3
Viewer.ViewpointX: 0
Viewer.ViewpointY: -6.9999999999999996e-01
Viewer.ViewpointZ: -3.5000000000000000e+00
Viewer.ViewpointF: 500
