%YAML:1.0
---
cam0:
  cam_overlaps: [1]
  camera_model: pinhole
  distortion_coeffs: [-0.339038005760345, 0.10682903369836565, -0.0004374800687716854, 8.4811509560615e-06]
  distortion_model: radtan
  intrinsics: [314.0604954355879, 314.87904908723505, 317.25824457015716, 200.75205137851796]
  resolution: [640, 400]
  rostopic: /cam0/image_raw
cam1:
  T_cn_cnm1:
    - [0.9994449005383289, -0.024078574092569336, 0.02302418418954759, -0.08048289050260614]
    - [0.024185914699197997, 0.9996978171217311, -0.004394993993704761, -2.78695284311753e-05]
    - [-0.02291140148678563, 0.00494941528973184, 0.9997252477406964, 0.0015887591473738522]
    - [0.0, 0.0, 0.0, 1.0]
  cam_overlaps: [0]
  camera_model: pinhole
  distortion_coeffs: [-0.33596119204257785, 0.10377651300002938, -0.0007803205183648606, 0.0012970579440457822]
  distortion_model: radtan
  intrinsics: [314.4249262958983, 315.19791801525423, 313.581653999937, 200.13819589097025]
  resolution: [640, 400]
  rostopic: /cam1/image_raw
