%YAML:1.0
---
cam0:
  cam_overlaps: [1]
  camera_model: pinhole
  distortion_coeffs: [-0.013765462813477661, 0.021688717440579677, -0.02002827675860456, 0.009399437735848119]
  distortion_model: equidistant
  intrinsics: [289.3603423610556, 290.13607274800347, 316.15159345572323, 200.79298862629477]
  resolution: [640, 400]
  rostopic: /cam0/image_raw
cam1:
  T_cn_cnm1:
    - [0.9996251818521027, -0.024307143664054367, 0.01259597451729849, -0.08043922516314304]
    - [0.02436406836525989, 0.9996935320116532, -0.004385684297068863, 8.173119874184008e-05]
    - [-0.012485510796052897, 0.004690929647269918, 0.9999110496435175, 4.290131403642738e-05]
    - [0.0, 0.0, 0.0, 1.0]
  cam_overlaps: [0]
  camera_model: pinhole
  distortion_coeffs: [-0.021848277387672296, 0.04658969933321065, -0.03960693367263532, 0.011156528086455399]
  distortion_model: equidistant
  intrinsics: [289.2036759212678, 289.9811473264101, 315.883869572128, 199.9052480308407]
  resolution: [640, 400]
  rostopic: /cam1/image_raw
