cam0:
  cam_overlaps: [1]
  camera_model: pinhole
  distortion_coeffs: [0.017092771597678993, -0.2003769119873594, 0.7519983113253573, -0.9025812535560672]
  distortion_model: equidistant
  intrinsics: [287.819797570106, 287.64116911717724, 318.0909803904206, 201.47164968291335]
  resolution: [640, 400]
  rostopic: /cam0/image_raw
cam1:
  T_cn_cnm1:
  - [0.9995753620184084, -0.02456948671138806, 0.015666396155740638, -0.08064506804600385]
  - [0.024663121656641813, 0.9996789248875886, -0.005811847016782787, -0.00012725026071411921]
  - [-0.015518571967786374, 0.006195761320106432, 0.9998603834864879, 0.000281926889046389]
  - [0.0, 0.0, 0.0, 1.0]
  cam_overlaps: [0]
  camera_model: pinhole
  distortion_coeffs: [-0.01260016775366084, 0.055259119210970334, -0.11014366149036152, 0.08685301650475746]
  distortion_model: equidistant
  intrinsics: [288.15260271644917, 287.7602447824468, 317.10515953539016, 201.19450557139712]
  resolution: [640, 400]
  rostopic: /cam1/image_raw
