cam0:
  cam_overlaps: [1]
  camera_model: pinhole
  distortion_coeffs: [-0.009072791815875204, 0.05409554257822231, -0.05186574179054281, 0.010784112218234278]
  distortion_model: equidistant
  intrinsics: [287.45363681338114, 287.95458556927554, 419.84649408998547, 400.59213584692725]
  resolution: [848, 800]
  rostopic: /cam0/image_raw
cam1:
  T_cn_cnm1:
  - [0.9999913359858922, -0.00018115066354351938, 0.004158742308153265, 0.06478471507827101]
  - [0.00017771577408676452, 0.9999996428234931, 0.0008262989700589239, 7.766321915153209e-05]
  - [-0.004158890507354929, -0.0008255527368844699, 0.9999910110058112, 3.5161710530179985e-05]
  - [0.0, 0.0, 0.0, 1.0]
  cam_overlaps: [0]
  camera_model: pinhole
  distortion_coeffs: [-0.009452971230576446, 0.05803581182512474, -0.060236306196430084, 0.015460717808769944]
  distortion_model: equidistant
  intrinsics: [288.0000646057747, 288.61205510998934, 420.44303313786514, 386.9065821859718]
  resolution: [848, 800]
  rostopic: /cam1/image_raw
