cam0:
  cam_overlaps: [1]
  camera_model: pinhole
  distortion_coeffs: [0.011018291766795633, -0.03111262566381329, 0.03866392281969869, -0.013246432186465809]
  distortion_model: equidistant
  intrinsics: [282.8699438858687, 283.34214135495967, 314.587867686885, 199.07847816725808]
  resolution: [640, 400]
  rostopic: /cam0/image_raw
cam1:
  T_cn_cnm1:
  - [0.9998412639555818, -0.015615547679778855, 0.008579135292030977, -0.08064306022607716]
  - [0.01556771098702973, 0.9998630513487509, 0.005614705885724013, 0.00017037373606876912]
  - [-0.008665637098490334, -0.0054802571307761925, 0.999947435376206, 0.0005883712834261314]
  - [0.0, 0.0, 0.0, 1.0]
  cam_overlaps: [0]
  camera_model: pinhole
  distortion_coeffs: [0.006317721376277158, -0.021592486423281095, 0.03159442506624234, -0.011611071662988966]
  distortion_model: equidistant
  intrinsics: [283.8785355000905, 284.41236915323645, 316.046410057771, 200.21113821016962]
  resolution: [640, 400]
  rostopic: /cam1/image_raw
