%YAML:1.0
---
imu0:
  T_i_b:
    - [1.0, 0.0, 0.0, 0.0]
    - [0.0, 1.0, 0.0, 0.0]
    - [0.0, 0.0, 1.0, 0.0]
    - [0.0, 0.0, 0.0, 1.0]
  accelerometer_noise_density: 0.03204335002961573
  accelerometer_random_walk: 0.0010029883240781536
  gyroscope_noise_density: 0.0026087913479091655
  gyroscope_random_walk: 2.744903843537535e-05
  model: calibrated
  rostopic: /imu0
  time_offset: 0.0
  update_rate: 200.0
