%YAML:1.0
---
cam0:
  T_cam_imu:
    - [-0.9999224246143619, -0.012308499012119625, 0.001909346852602576, 0.0475901825531336]
    - [0.012296095103062146, -0.9999040619328803, -0.006377536777027734, 0.007069171303416287]
    - [0.0019876615786758793, -0.006353564526668504, 0.9999778404641041, -0.003581851969269041]
    - [0.0, 0.0, 0.0, 1.0]
  cam_overlaps: [1]
  camera_model: pinhole
  distortion_coeffs: [0.011018291766795633, -0.03111262566381329, 0.03866392281969869, -0.013246432186465809]
  distortion_model: equidistant
  intrinsics: [282.8699438858687, 283.34214135495967, 314.587867686885, 199.07847816725808]
  resolution: [640, 400]
  rostopic: /cam0/image_raw
  timeshift_cam_imu: 0.0013062806139249978
cam1:
  T_cam_imu:
    - [-0.9999386587257159, 0.003252996254982777, 0.010587577682431532, -0.033201550124460445]
    - [-0.003260932011259631, -0.9999944149716716, -0.0007323577555451344, 0.007959336088483149]
    - [0.010585136193474152, -0.0007668382027735164, 0.9999436818396006, -0.0034444325350422578]
    - [0.0, 0.0, 0.0, 1.0]
  T_cn_cnm1:
    - [0.9998412639555831, -0.015615547679778857, 0.008579135292030976, -0.08064306022607716]
    - [0.015567710987029732, 0.9998630513487522, 0.005614705885724013, 0.00017037373606876912]
    - [-0.008665637098490333, -0.0054802571307761925, 0.9999474353762073, 0.0005883712834261314]
    - [0.0, 0.0, 0.0, 1.0]
  cam_overlaps: [0]
  camera_model: pinhole
  distortion_coeffs: [0.006317721376277158, -0.021592486423281095, 0.03159442506624234, -0.011611071662988966]
  distortion_model: equidistant
  intrinsics: [283.8785355000905, 284.41236915323645, 316.046410057771, 200.21113821016962]
  resolution: [640, 400]
  rostopic: /cam1/image_raw
  timeshift_cam_imu: 0.0013259175065327507
