%YAML:1.0
---
cam0:
  cam_overlaps: [1]
  camera_model: pinhole
  distortion_coeffs: [0.9345470015437782]
  distortion_model: fov
  intrinsics: [268.4082968692252, 269.1486617073319, 316.47550604397145, 200.89344483904713]
  resolution: [640, 400]
  rostopic: /cam0/image_raw
cam1:
  T_cn_cnm1:
    - [0.9996104714851344, -0.02436400600473085, 0.013612512944341897, -0.08040919314289031]
    - [0.024423884404064646, 0.9996926586160347, -0.004249962330658853, 8.562886234965974e-05]
    - [-0.013504783148030348, 0.004580777291745418, 0.9998983134856859, 0.00012343902320790552]
    - [0.0, 0.0, 0.0, 1.0]
  cam_overlaps: [0]
  camera_model: pinhole
  distortion_coeffs: [0.931946840906404]
  distortion_model: fov
  intrinsics: [268.1401640001445, 268.86036096531285, 315.89354201737746, 199.97308697892493]
  resolution: [640, 400]
  rostopic: /cam1/image_raw
