cam0:
  T_cam_imu:
  - [-0.9999947818662395, -0.001445703628216713, -0.0028889758241957687, 1.51691338911344e-05]
  - [0.0014643276842024088, -0.9999780946905176, -0.006454911583954577, -1.1248992054385246e-05]
  - [-0.0028795806511895095, -0.0064591083086408775, 0.9999749936549072, -0.0001402728241628997]
  - [0.0, 0.0, 0.0, 1.0]
  cam_overlaps: [1]
  camera_model: pinhole
  distortion_coeffs: [-0.009072791815875204, 0.05409554257822231, -0.05186574179054281, 0.010784112218234278]
  distortion_model: equidistant
  intrinsics: [287.45363681338114, 287.95458556927554, 419.84649408998547, 400.59213584692725]
  resolution: [848, 800]
  rostopic: /cam0/image_raw
  timeshift_cam_imu: 0.00024409577525849358
cam1:
  T_cam_imu:
  - [-0.9999983585951575, -0.0012914061742340013, 0.00127085683065603, 0.0647993027599704]
  - [0.001284232919910599, -0.9999833316007176, -0.005629144387644998, 6.630101961926115e-05]
  - [0.001278105159324805, -0.005627503071761718, 0.9999833486895565, -0.00010516365285188556]
  - [0.0, 0.0, 0.0, 1.0]
  T_cn_cnm1:
  - [0.9999913359858926, -0.00018115066354351935, 0.004158742308153264, 0.06478471507827101]
  - [0.0001777157740867645, 0.9999996428234935, 0.0008262989700589238, 7.766321915153209e-05]
  - [-0.004158890507354928, -0.0008255527368844698, 0.9999910110058117, 3.5161710530179985e-05]
  - [0.0, 0.0, 0.0, 1.0]
  cam_overlaps: [0]
  camera_model: pinhole
  distortion_coeffs: [-0.009452971230576446, 0.05803581182512474, -0.060236306196430084, 0.015460717808769944]
  distortion_model: equidistant
  intrinsics: [288.0000646057747, 288.61205510998934, 420.44303313786514, 386.9065821859718]
  resolution: [848, 800]
  rostopic: /cam1/image_raw
  timeshift_cam_imu: 0.0007551916960358435
