cam0:
  T_cam_imu:
  - [0.9997128127944811, 0.01368680798827869, -0.019671380776105682, 0.048449953707814734]
  - [-0.01376862344866197, 0.9998970879549376, -0.004029703160845376, 0.002560903721462452]
  - [0.019614202580668566, 0.004299393716276989, 0.9997983788098462, 0.002782011143739988]
  - [0.0, 0.0, 0.0, 1.0]
  cam_overlaps: [1]
  camera_model: omni
  distortion_coeffs: []
  distortion_model: none
  intrinsics: [1.861486165516425, 820.8458761742098, 823.0141517537045, 315.7660050688321, 199.6833587569817]
  resolution: [640, 400]
  rostopic: /cam0/image_raw
  timeshift_cam_imu: -0.0017191976685924167
cam1:
  T_cam_imu:
  - [0.9999464477942179, -0.00990407714982972, -0.003001799383050765, -0.03187137230618304]
  - [0.009877535741827535, 0.9999130954188634, -0.008731317056226783, 0.003802663140703275]
  - [0.003088014150677218, 0.008701199094243158, 0.9999573757430504, 0.0033297234817764574]
  - [0.0, 0.0, 0.0, 1.0]
  T_cn_cnm1:
  - [0.9995827703046344, -0.023658847649039392, 0.016569376513105666, -0.0802866194136861]
  - [0.02373207464439375, 0.9997093768630394, -0.004236796571385363, 0.00010447257447788213]
  - [-0.01646432334432356, 0.004628254534262644, 0.9998537419626835, 0.0013339624191284478]
  - [0.0, 0.0, 0.0, 1.0]
  cam_overlaps: [0]
  camera_model: omni
  distortion_coeffs: []
  distortion_model: none
  intrinsics: [1.8442745141160564, 816.0099981144361, 818.4071559795211, 314.2579071943643, 198.80782322064974]
  resolution: [640, 400]
  rostopic: /cam1/image_raw
  timeshift_cam_imu: -0.001699062404237759
