%YAML:1.0
---
Camera.type: eucm
Distortion.type: none
EnableDewarp: true
# Camera left : fx fy cx cy xi alpha beta
Camera.fx: 2.8751602037018824e+02
Camera.fy: 2.8805388727697749e+02
Camera.cx: 3.1544939019888733e+02
Camera.cy: 1.9914979993192478e+02
Camera.xi: 0.
Camera.alpha: 5.6991104055371289e-01
Camera.beta: 1.1995492756562514e+00
# Camera left : k1 k2 k3 k4 p1(r1) p2(r2) w
Camera.k1: 0.
Camera.k2: 0.
Camera.k3: 0.
Camera.k4: 0.
Camera.p1: 0.
Camera.p2: 0.
Camera.w: 0.
# p1 , intrinsic matrix on base left camera
p1: !!opencv-matrix
   rows: 3
   cols: 4
   dt: f
   data: [ 2.87516022e+02, 0., 3.15449402e+02, 0., 0., 2.88053894e+02,
       1.99149796e+02, 0., 0., 0., 1., 0. ]
# Camera right : fx fy cx cy xi alpha beta
Camera2.fx: 2.8740536846544791e+02
Camera2.fy: 2.8811728811724277e+02
Camera2.cx: 3.1496334633950318e+02
Camera2.cy: 1.9827917577724492e+02
Camera2.xi: 0.
Camera2.alpha: 5.6907740551370156e-01
Camera2.beta: 1.1977416486225063e+00
# Camera right : k1 k2 k3 k4 p1(r1) p2(r2) w
Camera2.k1: 0.
Camera2.k2: 0.
Camera2.k3: 0.
Camera2.k4: 0.
Camera2.p1: 0.
Camera2.p2: 0.
Camera2.w: 0.
# p2 , intrinsic matrix on base right camera
p2: !!opencv-matrix
   rows: 3
   cols: 4
   dt: f
   data: [ 2.87516022e+02, 0., 3.15449402e+02, -2.31039772e+01, 0.,
       2.88053894e+02, 1.99149796e+02, 0., 0., 0., 1., 0. ]
# Camera resolution
Camera.width: 640
Camera.height: 400
# Camera frames per second
Camera.fps: 30.
# Color order of the images (0: BGR, 1: RGB. It is ignored if images are grayscale)
Camera.RGB: 1
# Image scale, it changes the image size to be processed (<1.0: reduce, >1.0: increase)
Camera.imageScale: 1
# Close/Far threshold. Baseline times.
ThDepth: 80.
# stereo baseline times fx. = fx * baseline /m
Camera.bf: 2.3103977203369141e+01
# Tbc1 , from imu to left camera
Tbc1: !!opencv-matrix
   rows: 4
   cols: 4
   dt: f
   data: [ 9.99742925e-01, 1.55595308e-02, -1.64914764e-02,
       4.78404090e-02, -1.56292915e-02, 9.99869406e-01, -4.10969509e-03,
       5.34674339e-03, 1.64253786e-02, 4.36638901e-03, 9.99855578e-01,
       2.50810944e-03, 0., 0., 0., 1. ]
# Tbc2 , from imu to right camera
Tbc2: !!opencv-matrix
   rows: 4
   cols: 4
   dt: f
   data: [ 9.99963105e-01, -7.92886503e-03, -3.31147807e-03,
       -3.26271951e-02, 7.90129043e-03, 9.99934673e-01, -8.25854670e-03,
       6.37118472e-03, 3.37674282e-03, 8.23207665e-03, 9.99960423e-01,
       2.79097981e-03, 0., 0., 0., 1. ]
# Tlr , from right camera to left camera
Tlr: !!opencv-matrix
   rows: 4
   cols: 4
   dt: f
   data: [ 9.99637246e-01, -2.35429350e-02, 1.30791515e-02,
       -8.03571790e-02, 2.35939696e-02, 9.99714553e-01, -3.76146822e-03,
       -9.33432384e-05, -1.29868621e-02, 4.06869268e-03, 9.99907374e-01,
       8.82645021e-04, 0., 0., 0., 1. ]
# Tib , from imu to imu
Tib: !!opencv-matrix
   rows: 4
   cols: 4
   dt: f
   data: [ 1., 0., 0., 0., 0., 1., 0., 0., 0., 0., 1., 0., 0., 0., 0.,
       1. ]
# timeshift from cam1 to imu
IMU.timeshift_cam1_imu: -1.6859434545040131e-03
# timeshift from cam2 to imu
IMU.timeshift_cam2_imu: -1.7034962074831128e-03
# Do not insert KFs when recently lost
InsertKFsWhenLost: 0
# IMU noise (Use those from VINS-mono)
IMU.NoiseGyro: 5.2065802738070488e-03
IMU.NoiseAcc: 5.5650476366281509e-02
IMU.GyroWalk: 9.7910189651884139e-05
IMU.AccWalk: 9.3594461213797331e-04
# IMU Frequency)
IMU.Frequency: 1000.
# 
# ORB Parameters
# ORB Extractor: Number of features per image
ORBextractor.nFeatures: 1500
# ORB Extractor: Scale factor between levels in the scale pyramid
ORBextractor.scaleFactor: 1.2000000000000000e+00
# ORB Extractor: Number of levels in the scale pyramid
ORBextractor.nLevels: 8
# Image is divided in a grid. At each cell FAST are extracted imposing a minimum response.
# Firstly we impose iniThFAST. If no corners are detected we impose a lower value minThFAST
# You can lower these values if your images have low contrast
ORBextractor.iniThFAST: 20
ORBextractor.minThFAST: 7
# Viewer Parameters
Viewer.KeyFrameSize: 5.0000000000000003e-02
Viewer.KeyFrameLineWidth: 1
Viewer.GraphLineWidth: 9.0000000000000002e-01
Viewer.PointSize: 2
Viewer.CameraSize: 8.0000000000000002e-02
Viewer.CameraLineWidth: 3
Viewer.ViewpointX: 0
Viewer.ViewpointY: -6.9999999999999996e-01
Viewer.ViewpointZ: -3.5000000000000000e+00
Viewer.ViewpointF: 500
