%YAML:1.0
---
Camera.type: omni
Distortion.type: radtan
EnableDewarp: true
# Camera left : fx fy cx cy xi alpha beta
Camera.fx: 7.2645597003651471e+02
Camera.fy: 7.2820660628375981e+02
Camera.cx: 3.1741052203577863e+02
Camera.cy: 2.0299670218344829e+02
Camera.xi: 1.5104155252441331e+00
Camera.alpha: 0.
Camera.beta: 0.
# Camera left : k1 k2 k3 k4 p1(r1) p2(r2) w
Camera.k1: -2.6467296958997405e-01
Camera.k2: 4.2450689350223192e-01
Camera.k3: 0.
Camera.k4: 0.
Camera.p1: -3.7499699391679046e-03
Camera.p2: -2.2191834413483338e-03
Camera.w: 0.
# p1 , intrinsic matrix on base left camera
p1: !!opencv-matrix
   rows: 3
   cols: 4
   dt: f
   data: [ 7.26455994e+02, 0., 3.17410522e+02, 0., 0., 7.28206604e+02,
       2.02996704e+02, 0., 0., 0., 1., 0. ]
# Camera right : fx fy cx cy xi alpha beta
Camera2.fx: 7.6996227826359484e+02
Camera2.fy: 7.7153411791931319e+02
Camera2.cx: 3.1733419976991303e+02
Camera2.cy: 2.0259006937863566e+02
Camera2.xi: 1.6599337786026129e+00
Camera2.alpha: 0.
Camera2.beta: 0.
# Camera right : k1 k2 k3 k4 p1(r1) p2(r2) w
Camera2.k1: -2.1708566533084953e-01
Camera2.k2: 5.2933470944283190e-01
Camera2.k3: 0.
Camera2.k4: 0.
Camera2.p1: -5.3480373927890347e-03
Camera2.p2: -3.1917900385954783e-03
Camera2.w: 0.
# p2 , intrinsic matrix on base right camera
p2: !!opencv-matrix
   rows: 3
   cols: 4
   dt: f
   data: [ 7.26455994e+02, 0., 3.17410522e+02, -2.33556499e+01, 0.,
       7.28206604e+02, 2.02996704e+02, 0., 0., 0., 1., 0. ]
# Camera resolution
Camera.width: 640
Camera.height: 400
# Camera frames per second
Camera.fps: 30.
# Color order of the images (0: BGR, 1: RGB. It is ignored if images are grayscale)
Camera.RGB: 1
# Image scale, it changes the image size to be processed (<1.0: reduce, >1.0: increase)
Camera.imageScale: 1
# Close/Far threshold. Baseline times.
ThDepth: 80.
# stereo baseline times fx. = fx * baseline /m
Camera.bf: 2.3355649948120117e+01
# Tlr , from right camera to left camera
Tlr: !!opencv-matrix
   rows: 4
   cols: 4
   dt: f
   data: [ 9.99616981e-01, -2.46344041e-02, 1.26127275e-02,
       -8.07101727e-02, 2.46955082e-02, 9.99683917e-01, -4.71204519e-03,
       -3.04131070e-04, -1.24926623e-02, 5.02171787e-03, 9.99909341e-01,
       4.52884386e-04, 0., 0., 0., 1. ]
# Do not insert KFs when recently lost
InsertKFsWhenLost: 0
# 
# ORB Parameters
# ORB Extractor: Number of features per image
ORBextractor.nFeatures: 1500
# ORB Extractor: Scale factor between levels in the scale pyramid
ORBextractor.scaleFactor: 1.2000000000000000e+00
# ORB Extractor: Number of levels in the scale pyramid
ORBextractor.nLevels: 8
# Image is divided in a grid. At each cell FAST are extracted imposing a minimum response.
# Firstly we impose iniThFAST. If no corners are detected we impose a lower value minThFAST
# You can lower these values if your images have low contrast
ORBextractor.iniThFAST: 20
ORBextractor.minThFAST: 7
# Viewer Parameters
Viewer.KeyFrameSize: 5.0000000000000003e-02
Viewer.KeyFrameLineWidth: 1
Viewer.GraphLineWidth: 9.0000000000000002e-01
Viewer.PointSize: 2
Viewer.CameraSize: 8.0000000000000002e-02
Viewer.CameraLineWidth: 3
Viewer.ViewpointX: 0
Viewer.ViewpointY: -6.9999999999999996e-01
Viewer.ViewpointZ: -3.5000000000000000e+00
Viewer.ViewpointF: 500
