cam0:
  T_cam_imu:
  - [0.9997429330627181, 0.015559530377844537, -0.016491476755387747, 0.04784040922558175]
  - [-0.015629291165435277, 0.9998694093043967, -0.004109695237093515, 0.005346743299924039]
  - [0.016425378194081502, 0.004366388862283719, 0.9998555603683383, 0.002508109541411349]
  - [0.0, 0.0, 0.0, 1.0]
  cam_overlaps: [1]
  camera_model: eucm
  distortion_coeffs: []
  distortion_model: none
  intrinsics: [0.5699110405537129, 1.1995492756562514, 287.51602037018824, 288.0538872769775, 315.44939019888733, 199.14979993192478]
  resolution: [640, 400]
  rostopic: /cam0/image_raw
  timeshift_cam_imu: -0.001685943425652917
cam1:
  T_cam_imu:
  - [0.9999630829264828, -0.00792886477034065, -0.0033114781620402307, -0.03262719659825978]
  - [0.00790129056046392, 0.9999346808764986, -0.008258546354785571, 0.0063711847814950815]
  - [0.003376742756435877, 0.008232076522279735, 0.9999604144787374, 0.002790979758125773]
  - [0.0, 0.0, 0.0, 1.0]
  T_cn_cnm1:
  - [0.9996372672322388, -0.023542934346088954, 0.01307915145700914, -0.08035717845787974]
  - [0.023593969068100355, 0.9997145472488319, -0.0037614681541247082, -9.334323715077282e-05]
  - [-0.012986861979445343, 0.004068692841283994, 0.9999073892888721, 0.0008826450299868683]
  - [0.0, 0.0, 0.0, 1.0]
  cam_overlaps: [0]
  camera_model: eucm
  distortion_coeffs: []
  distortion_model: none
  intrinsics: [0.5690774055137016, 1.1977416486225063, 287.4053684654479, 288.11728811724277, 314.9633463395032, 198.27917577724492]
  resolution: [640, 400]
  rostopic: /cam1/image_raw
  timeshift_cam_imu: -0.0017034961809301585
