cam0:
  cam_overlaps: [1]
  camera_model: eucm
  distortion_coeffs: []
  distortion_model: none
  intrinsics: [0.5699110405537129, 1.1995492756562514, 287.51602037018824, 288.0538872769775, 315.44939019888733, 199.14979993192478]
  resolution: [640, 400]
  rostopic: /cam0/image_raw
cam1:
  T_cn_cnm1:
  - [0.9996372672322379, -0.023542934346088958, 0.013079151457009143, -0.08035717845787974]
  - [0.023593969068100358, 0.999714547248831, -0.0037614681541247082, -9.334323715077282e-05]
  - [-0.012986861979445347, 0.004068692841283994, 0.9999073892888712, 0.0008826450299868683]
  - [0.0, 0.0, 0.0, 1.0]
  cam_overlaps: [0]
  camera_model: eucm
  distortion_coeffs: []
  distortion_model: none
  intrinsics: [0.5690774055137016, 1.1977416486225063, 287.4053684654479, 288.11728811724277, 314.9633463395032, 198.27917577724492]
  resolution: [640, 400]
  rostopic: /cam1/image_raw
