%YAML:1.0
---
Camera.type: pinhole
Distortion.type: fov
EnableDewarp: true
# Camera left : fx fy cx cy xi alpha beta
Camera.fx: 2.6722514505477523e+02
Camera.fy: 2.6764848708718597e+02
Camera.cx: 3.1453336115340869e+02
Camera.cy: 1.9879952846623851e+02
Camera.xi: 0.
Camera.alpha: 0.
Camera.beta: 0.
# Camera left : k1 k2 k3 k4 p1(r1) p2(r2) w
Camera.k1: 0.
Camera.k2: 0.
Camera.k3: 0.
Camera.k4: 0.
Camera.p1: 0.
Camera.p2: 0.
Camera.w: 9.2514229742467402e-01
# p1 , intrinsic matrix on base left camera
p1: !!opencv-matrix
   rows: 3
   cols: 4
   dt: f
   data: [ 2.67225159e+02, 0., 3.14533356e+02, 0., 0., 2.67648499e+02,
       1.98799530e+02, 0., 0., 0., 1., 0. ]
# Camera right : fx fy cx cy xi alpha beta
Camera2.fx: 2.6698508885213448e+02
Camera2.fy: 2.6764083828901317e+02
Camera2.cx: 3.1405520263080791e+02
Camera2.cy: 1.9808901325567771e+02
Camera2.xi: 0.
Camera2.alpha: 0.
Camera2.beta: 0.
# Camera right : k1 k2 k3 k4 p1(r1) p2(r2) w
Camera2.k1: 0.
Camera2.k2: 0.
Camera2.k3: 0.
Camera2.k4: 0.
Camera2.p1: 0.
Camera2.p2: 0.
Camera2.w: 9.2336859629301760e-01
# p2 , intrinsic matrix on base right camera
p2: !!opencv-matrix
   rows: 3
   cols: 4
   dt: f
   data: [ 2.67225159e+02, 0., 3.14533356e+02, -2.15295391e+01, 0.,
       2.67648499e+02, 1.98799530e+02, 0., 0., 0., 1., 0. ]
# Camera resolution
Camera.width: 640
Camera.height: 400
# Camera frames per second
Camera.fps: 30.
# Color order of the images (0: BGR, 1: RGB. It is ignored if images are grayscale)
Camera.RGB: 1
# Image scale, it changes the image size to be processed (<1.0: reduce, >1.0: increase)
Camera.imageScale: 1
# Close/Far threshold. Baseline times.
ThDepth: 80.
# stereo baseline times fx. = fx * baseline /m
Camera.bf: 2.1529539108276367e+01
# Tbc1 , from imu to left camera
Tbc1: !!opencv-matrix
   rows: 4
   cols: 4
   dt: f
   data: [ 9.99763846e-01, 1.52733233e-02, -1.54571673e-02,
       4.88140583e-02, -1.53156333e-02, 9.99879241e-01, -2.62259808e-03,
       4.15933970e-03, 1.54152457e-02, 2.85871513e-03, 9.99877095e-01,
       4.20888560e-03, 0., 0., 0., 1. ]
# Tbc2 , from imu to right camera
Tbc2: !!opencv-matrix
   rows: 4
   cols: 4
   dt: f
   data: [ 9.99965250e-01, -8.14324245e-03, -1.76890218e-03,
       -3.18111442e-02, 8.13024957e-03, 9.99940813e-01, -7.23206159e-03,
       5.10661444e-03, 1.82768994e-03, 7.21742865e-03, 9.99972284e-01,
       4.35670558e-03, 0., 0., 0., 1. ]
# Tlr , from right camera to left camera
Tlr: !!opencv-matrix
   rows: 4
   cols: 4
   dt: f
   data: [ 9.99632120e-01, -2.34527215e-02, 1.36227459e-02,
       -8.05670395e-02, 2.35125348e-02, 9.99714494e-01, -4.24729707e-03,
       -1.81404044e-04, -1.35192461e-02, 4.56603989e-03, 9.99898195e-01,
       7.89186102e-04, 0., 0., 0., 1. ]
# Tib , from imu to imu
Tib: !!opencv-matrix
   rows: 4
   cols: 4
   dt: f
   data: [ 1., 0., 0., 0., 0., 1., 0., 0., 0., 0., 1., 0., 0., 0., 0.,
       1. ]
# timeshift from cam1 to imu
IMU.timeshift_cam1_imu: -1.7040062230080366e-03
# timeshift from cam2 to imu
IMU.timeshift_cam2_imu: -1.6840626485645771e-03
# Do not insert KFs when recently lost
InsertKFsWhenLost: 0
# IMU noise (Use those from VINS-mono)
IMU.NoiseGyro: 5.2065802738070488e-03
IMU.NoiseAcc: 5.5650476366281509e-02
IMU.GyroWalk: 9.7910189651884139e-05
IMU.AccWalk: 9.3594461213797331e-04
# IMU Frequency)
IMU.Frequency: 1000.
# 
# ORB Parameters
# ORB Extractor: Number of features per image
ORBextractor.nFeatures: 1500
# ORB Extractor: Scale factor between levels in the scale pyramid
ORBextractor.scaleFactor: 1.2000000000000000e+00
# ORB Extractor: Number of levels in the scale pyramid
ORBextractor.nLevels: 8
# Image is divided in a grid. At each cell FAST are extracted imposing a minimum response.
# Firstly we impose iniThFAST. If no corners are detected we impose a lower value minThFAST
# You can lower these values if your images have low contrast
ORBextractor.iniThFAST: 20
ORBextractor.minThFAST: 7
# Viewer Parameters
Viewer.KeyFrameSize: 5.0000000000000003e-02
Viewer.KeyFrameLineWidth: 1
Viewer.GraphLineWidth: 9.0000000000000002e-01
Viewer.PointSize: 2
Viewer.CameraSize: 8.0000000000000002e-02
Viewer.CameraLineWidth: 3
Viewer.ViewpointX: 0
Viewer.ViewpointY: -6.9999999999999996e-01
Viewer.ViewpointZ: -3.5000000000000000e+00
Viewer.ViewpointF: 500
