cam0:
  T_cam_imu:
  - [-0.9998643954531721, 0.003219034459239922, 0.016150186445130853, -0.03335715978873744]
  - [-0.0032962630523533376, -0.999983249983504, -0.004757562644698412, 0.003635715960136299]
  - [0.016134601171146207, -0.0048101527604396755, 0.999858258492407, 0.0001331588799477505]
  - [0.0, 0.0, 0.0, 1.0]
  cam_overlaps: [1]
  camera_model: omni
  distortion_coeffs: []
  distortion_model: none
  intrinsics: [1.8085547177850039, 796.1591554769963, 798.5420683457343, 314.2412281083559, 200.88208336494398]
  resolution: [640, 400]
  rostopic: /cam0/image_raw
  timeshift_cam_imu: -0.0016864739697595148
cam1:
  T_cam_imu:
  - [-0.9999069255751913, -0.012697397944621833, 0.004991620198349625, 0.047387945402940605]
  - [0.012640674891914594, -0.9998569777234432, -0.011235543423386188, 0.002608689633358096]
  - [0.005133568451435963, -0.011171400233533392, 0.9999244202897419, -0.00010785513524313257]
  - [0.0, 0.0, 0.0, 1.0]
  T_cn_cnm1:
  - [0.9998110758850177, 0.01596939357177032, -0.01108111035007157, 0.08068221858894689]
  - [-0.016038990945627562, 0.9998520169146525, -0.006220533831166268, -0.0015606751668187566]
  - [0.0109801323801965, 0.006397088450889805, 0.9999192537161499, 0.00010200477062223518]
  - [0.0, 0.0, 0.0, 1.0]
  cam_overlaps: [0]
  camera_model: omni
  distortion_coeffs: []
  distortion_model: none
  intrinsics: [1.8024782141941071, 792.5655332768079, 794.394829665698, 313.43049624238034, 200.0907546402761]
  resolution: [640, 400]
  rostopic: /cam1/image_raw
  timeshift_cam_imu: -0.001676002984114531
