%YAML:1.0
---
K1: !!opencv-matrix
   rows: 3
   cols: 3
   dt: d
   data: [ 2.8286993408203125e+02, 0., 3.1458786010742188e+02, 0.,
       2.8334213256835938e+02, 1.9907847595214844e+02, 0., 0., 1. ]
D1: !!opencv-matrix
   rows: 4
   cols: 1
   dt: d
   data: [ 1.1018292047083378e-02, -3.1112626194953918e-02,
       3.8663923740386963e-02, -1.3246431946754456e-02 ]
K2: !!opencv-matrix
   rows: 3
   cols: 3
   dt: d
   data: [ 2.8387854003906250e+02, 0., 3.1604641723632812e+02, 0.,
       2.8441238403320312e+02, 2.0021113586425781e+02, 0., 0., 1. ]
D2: !!opencv-matrix
   rows: 4
   cols: 1
   dt: d
   data: [ 6.3177212141454220e-03, -2.1592486649751663e-02,
       3.1594425439834595e-02, -1.1611071415245533e-02 ]
P1: !!opencv-matrix
   rows: 3
   cols: 4
   dt: d
   data: [ 2.1415516360395574e+02, 0., 3.0597433866801003e+02, 0., 0.,
       2.1415516360395574e+02, 1.9938614193398087e+02, 0., 0., 0., 1.,
       0. ]
P2: !!opencv-matrix
   rows: 3
   cols: 4
   dt: d
   data: [ 2.1415516360395574e+02, 0., 3.0597433866801003e+02,
       -1.7270127291466613e+03, 0., 2.1415516360395574e+02,
       1.9938614193398087e+02, 0., 0., 0., 1., 0. ]
R: !!opencv-matrix
   rows: 3
   cols: 3
   dt: d
   data: [ 9.9984127283096313e-01, -1.5615548007190228e-02,
       8.5791349411010742e-03, 1.5567710623145103e-02,
       9.9986302852630615e-01, 5.6147058494389057e-03,
       -8.6656371131539345e-03, -5.4802573285996914e-03,
       9.9994742870330811e-01 ]
T: !!opencv-matrix
   rows: 3
   cols: 1
   dt: d
   data: [ -8.0643057823181152e+00, 1.7037373618222773e-04,
       5.8837130200117826e-04 ]
R1: !!opencv-matrix
   rows: 3
   cols: 3
   dt: d
   data: [ 9.9984156441841388e-01, -1.5636271887160717e-02,
       8.5060603577329710e-03, 1.5612612867722777e-02,
       9.9987408026592306e-01, 2.8407625414687081e-03,
       -8.5494082123399665e-03, -2.7075106362085084e-03,
       9.9995978769417204e-01 ]
R2: !!opencv-matrix
   rows: 3
   cols: 3
   dt: d
   data: [ 9.9999999711525034e-01, -2.1126894272536462e-05,
       -7.2959944254510564e-05, 2.0924404103006650e-05,
       9.9999615154980115e-01, -2.7742472413872319e-03,
       7.3018274699936624e-05, 2.7742457067408922e-03,
       9.9999614910713042e-01 ]
Q: !!opencv-matrix
   rows: 4
   cols: 4
   dt: d
   data: [ 1., 0., 0., -3.0597433866801003e+02, 0., 1., 0.,
       -1.9938614193398087e+02, 0., 0., 0., 2.1415516360395574e+02, 0.,
       0., 1.2400323401772059e-01, 0. ]
prInv1: !!opencv-matrix
   rows: 3
   cols: 3
   dt: d
   data: [ 4.6687716868104769e-03, 7.2903275386792529e-05,
       -1.4516096402898284e+00, -7.3013751450221330e-05,
       4.6689235199344689e-03, -9.1128582394711222e-01,
       3.9719146690590797e-05, 1.3264973366330776e-05,
       9.8516189619069117e-01 ]
prInv2: !!opencv-matrix
   rows: 3
   cols: 3
   dt: d
   data: [ 4.6695114901108975e-03, 9.7706745664621971e-08,
       -1.4286971531857151e+00, -9.8652275840501880e-08,
       4.6694935331987953e-03, -9.2822786959858139e-01,
       -3.4068729899700771e-07, -1.2954379407436400e-05,
       1.0026833144093314e+00 ]
Tlr: !!opencv-matrix
   rows: 4
   cols: 4
   dt: d
   data: [ 9.9984125508044686e-01, 1.5567711531462271e-02,
       -8.6656367317727440e-03, 8.0632702430243605e-02,
       -1.5615547533799215e-02, 9.9986307416654385e-01,
       -5.4802572659198943e-03, -1.4264114842223550e-03,
       8.5791352847417440e-03, 5.6147062509994926e-03,
       9.9994744205033637e-01, 1.0255072594686959e-04, 0., 0., 0., 1. ]
