%YAML:1.0
---
ERROR : 3.5933948621639228e-01
K1: !!opencv-matrix
   rows: 3
   cols: 3
   dt: d
   data: [ 2.8936035156250000e+02, 0., 3.1615158081054688e+02, 0.,
       2.9013607788085938e+02, 2.0079298400878906e+02, 0., 0., 1. ]
D1: !!opencv-matrix
   rows: 4
   cols: 1
   dt: d
   data: [ -1.3765462674200535e-02, 2.1688718348741531e-02,
       -2.0028276368975639e-02, 9.3994373455643654e-03 ]
K2: !!opencv-matrix
   rows: 3
   cols: 3
   dt: d
   data: [ 2.8920367431640625e+02, 0., 3.1588388061523438e+02, 0.,
       2.8998114013671875e+02, 1.9990524291992188e+02, 0., 0., 1. ]
D2: !!opencv-matrix
   rows: 4
   cols: 1
   dt: d
   data: [ -2.1848278120160103e-02, 4.6589698642492294e-02,
       -3.9606932550668716e-02, 1.1156528256833553e-02 ]
P1: !!opencv-matrix
   rows: 3
   cols: 4
   dt: d
   data: [ 2.2009389005028714e+02, 0., 3.0688964272156448e+02, 0., 0.,
       2.2009389005028714e+02, 2.0027143480867943e+02, 0., 0., 0., 1.,
       0. ]
P2: !!opencv-matrix
   rows: 3
   cols: 4
   dt: d
   data: [ 2.2009389005028714e+02, 0., 3.0688964272156448e+02,
       -1.7704193433004691e+03, 0., 2.2009389005028714e+02,
       2.0027143480867943e+02, 0., 0., 0., 1., 0. ]
R: !!opencv-matrix
   rows: 3
   cols: 3
   dt: d
   data: [ 9.9962520599365234e-01, -2.4307142943143845e-02,
       1.2595974840223789e-02, 2.4364069104194641e-02,
       9.9969351291656494e-01, -4.3856841512024403e-03,
       -1.2485510669648647e-02, 4.6909297816455364e-03,
       9.9991106986999512e-01 ]
T: !!opencv-matrix
   rows: 3
   cols: 1
   dt: d
   data: [ -8.0439224243164062e+00, 8.1731192767620087e-03,
       4.2901313863694668e-03 ]
R1: !!opencv-matrix
   rows: 3
   cols: 3
   dt: d
   data: [ 9.9960642730990368e-01, -2.5325378825196098e-02,
       1.2067131725908314e-02, 2.5352625193581075e-02,
       9.9967634318505294e-01, -2.1102776958790703e-03,
       -1.2009782534413854e-02, 2.4153806160180035e-03,
       9.9992496271468090e-01 ]
R2: !!opencv-matrix
   rows: 3
   cols: 3
   dt: d
   data: [ 9.9999934158540471e-01, -1.0160607554773392e-03,
       -5.3333788360754048e-04, 1.0172651251199429e-03,
       9.9999692249231609e-01, 2.2627809354414823e-03,
       5.3103711934936963e-04, -2.2633219916223623e-03,
       9.9999729768291878e-01 ]
Q: !!opencv-matrix
   rows: 4
   cols: 4
   dt: d
   data: [ 1., 0., 0., -3.0688964272156448e+02, 0., 1., 0.,
       -2.0027143480867943e+02, 0., 0., 0., 2.2009389005028714e+02, 0.,
       0., 1.2431737762194887e-01, 0. ]
