%YAML:1.0
---
Camera.type: "PinHole"
Distortion.type: radtan
EnableDewarp: true
# Camera left : fx fy cx cy xi alpha beta
Camera.fx: 3.0790022783625858e+02
Camera.fy: 3.0978718895591339e+02
Camera.cx: 3.1209683887114551e+02
Camera.cy: 1.9945753775600360e+02
Camera.xi: 0.
Camera.alpha: 0.
Camera.beta: 0.
# Camera left : k1 k2 k3 k4 p1(r1) p2(r2) w
Camera.k1: -2.5542192082933540e-01
Camera.k2: 5.1007759649731525e-02
Camera.k3: 0.
Camera.k4: 0.
Camera.p1: -5.5701373977468636e-04
Camera.p2: 5.8402963303955189e-04
Camera.w: 0.
# p1 , intrinsic matrix on base left camera
p1: !!opencv-matrix
   rows: 3
   cols: 4
   dt: f
   data: [ 3.07900238e+02, 0., 3.12096832e+02, 0., 0., 3.09787201e+02,
       1.99457535e+02, 0., 0., 0., 1., 0. ]
# Camera right : fx fy cx cy xi alpha beta
Camera2.fx: 3.0554555501362415e+02
Camera2.fy: 3.0899666264269047e+02
Camera2.cx: 2.9544171439641065e+02
Camera2.cy: 2.0019607631404787e+02
Camera2.xi: 0.
Camera2.alpha: 0.
Camera2.beta: 0.
# Camera right : k1 k2 k3 k4 p1(r1) p2(r2) w
Camera2.k1: -2.5163850950428573e-01
Camera2.k2: 4.9995165754002188e-02
Camera2.k3: 0.
Camera2.k4: 0.
Camera2.p1: -4.6894131723605802e-04
Camera2.p2: 3.1938031659153885e-03
Camera2.w: 0.
# p2 , intrinsic matrix on base right camera
p2: !!opencv-matrix
   rows: 3
   cols: 4
   dt: f
   data: [ 3.07900238e+02, 0., 3.12096832e+02, -2.37614174e+01, 0.,
       3.09787201e+02, 1.99457535e+02, 0., 0., 0., 1., 0. ]
# Camera resolution
Camera.width: 640
Camera.height: 400
# Camera frames per second
Camera.fps: 30.
# Color order of the images (0: BGR, 1: RGB. It is ignored if images are grayscale)
Camera.RGB: 1
# Image scale, it changes the image size to be processed (<1.0: reduce, >1.0: increase)
Camera.imageScale: 1
# Close/Far threshold. Baseline times.
ThDepth: 80.
# stereo baseline times fx. = fx * baseline /m
Camera.bf: 2.3761417388916016e+01
# Tbc1 , from imu to left camera
Tbc: !!opencv-matrix
   rows: 4
   cols: 4
   dt: f
   data: [ 9.99387026e-01, 3.50296497e-03, -3.48332971e-02,
       5.83245531e-02, -3.63222975e-03, 9.99986768e-01, -3.64836794e-03,
       -2.21286924e-03, 3.48200537e-02, 3.77265410e-03, 9.99386489e-01,
       4.17097211e-02, 0., 0., 0., 1. ]

Tbc1: !!opencv-matrix
   rows: 4
   cols: 4
   dt: f
   data: [ 9.99387026e-01, 3.50296497e-03, -3.48332971e-02,
       5.83245531e-02, -3.63222975e-03, 9.99986768e-01, -3.64836794e-03,
       -2.21286924e-03, 3.48200537e-02, 3.77265410e-03, 9.99386489e-01,
       4.17097211e-02, 0., 0., 0., 1. ]
# Tbc2 , from imu to right camera
Tbc2: !!opencv-matrix
   rows: 4
   cols: 4
   dt: f
   data: [ 9.99489725e-01, -1.98388398e-02, 2.50335690e-02,
       -1.64241996e-02, 2.01560166e-02, 9.99718904e-01, -1.24819446e-02,
       -1.83667720e-03, -2.47789063e-02, 1.29801529e-02, 9.99608696e-01,
       4.13503647e-02, 0., 0., 0., 1. ]
# Tlr , from right camera to left camera
Tlr: !!opencv-matrix
   rows: 4
   cols: 4
   dt: f
   data: [ 9.97935534e-01, -2.35602856e-02, 5.97456545e-02,
       -7.71724582e-02, 2.40804292e-02, 9.99678016e-01, -8.00085906e-03,
       -6.95287192e-04, -5.95379137e-02, 9.42304265e-03, 9.98181581e-01,
       3.20986263e-03, 0., 0., 0., 1. ]
# Tib , from imu to imu
Tib: !!opencv-matrix
   rows: 4
   cols: 4
   dt: f
   data: [ 1., 0., 0., 0., 0., 1., 0., 0., 0., 0., 1., 0., 0., 0., 0.,
       1. ]
# timeshift from cam1 to imu
IMU.timeshift_cam1_imu: -1.6827379586175084e-03
# timeshift from cam2 to imu
IMU.timeshift_cam2_imu: -1.8048249185085297e-03
# Do not insert KFs when recently lost
InsertKFsWhenLost: 0
# IMU noise (Use those from VINS-mono)
IMU.NoiseGyro: 5.2065802738070488e-03
IMU.NoiseAcc: 5.5650476366281509e-02
IMU.GyroWalk: 9.7910189651884139e-05
IMU.AccWalk: 9.3594461213797331e-04
# IMU Frequency)
IMU.Frequency: 1000
# 
# ORB Parameters
# ORB Extractor: Number of features per image
ORBextractor.nFeatures: 1500
# ORB Extractor: Scale factor between levels in the scale pyramid
ORBextractor.scaleFactor: 1.2000000000000000e+00
# ORB Extractor: Number of levels in the scale pyramid
ORBextractor.nLevels: 8
# Image is divided in a grid. At each cell FAST are extracted imposing a minimum response.
# Firstly we impose iniThFAST. If no corners are detected we impose a lower value minThFAST
# You can lower these values if your images have low contrast
ORBextractor.iniThFAST: 20
ORBextractor.minThFAST: 7
# Viewer Parameters
Viewer.KeyFrameSize: 5.0000000000000003e-02
Viewer.KeyFrameLineWidth: 1
Viewer.GraphLineWidth: 9.0000000000000002e-01
Viewer.PointSize: 2
Viewer.CameraSize: 8.0000000000000002e-02
Viewer.CameraLineWidth: 3
Viewer.ViewpointX: 0
Viewer.ViewpointY: -6.9999999999999996e-01
Viewer.ViewpointZ: -3.5000000000000000e+00
Viewer.ViewpointF: 500
