%YAML:1.0
---
imu0:
  T_i_b:
    - [1.0, 0.0, 0.0, 0.0]
    - [0.0, 1.0, 0.0, 0.0]
    - [0.0, 0.0, 1.0, 0.0]
    - [0.0, 0.0, 0.0, 1.0]
  accelerometer_noise_density: 0.055650476137044914
  accelerometer_random_walk: 0.000935944634766823
  gyroscope_noise_density: 0.0052065804601599515
  gyroscope_random_walk: 9.791018908584848e-05
  model: calibrated
  rostopic: /imu0
  time_offset: 0.0
  update_rate: 1000.0
