cam0:
  T_cam_imu:
  - [0.9997447274635078, 0.015958801646054743, -0.015993641203238502, 0.04757612598866235]
  - [-0.01602463903541106, 0.999863608967671, -0.003996799460630082, 0.006018607664473702]
  - [0.01592767568419284, 0.004252071514637692, 0.9998641052838796, 0.0027001738146543316]
  - [0.0, 0.0, 0.0, 1.0]
  cam_overlaps: [1]
  camera_model: ds
  distortion_coeffs: []
  distortion_model: none
  intrinsics: [-0.30221381782770596, 0.5495114887218153, 200.8613473392692, 201.14091548356092, 315.62323867381, 199.04803515215116]
  resolution: [640, 400]
  rostopic: /cam0/image_raw
  timeshift_cam_imu: -0.0016785833977048775
cam1:
  T_cam_imu:
  - [0.9999661842210738, -0.007501404650517447, -0.0033703623863062743, -0.032974518408961595]
  - [0.007474058975807675, 0.9999396323284212, -0.00805420022895767, 0.007023319939262566]
  - [0.003430576740430338, 0.0080287375826582, 0.999961884531634, 0.0029982405296651777]
  - [0.0, 0.0, 0.0, 1.0]
  T_cn_cnm1:
  - [0.9996451112546672, -0.02351100801338557, 0.012525336196532282, -0.08042607721775284]
  - [0.023558805292814178, 0.9997156714556145, -0.003682246491311812, -0.00010447044645302564]
  - [-0.012435201559159104, 0.003976021660155651, 0.9999147748753083, 0.0008659854392959236]
  - [0.0, 0.0, 0.0, 1.0]
  cam_overlaps: [0]
  camera_model: ds
  distortion_coeffs: []
  distortion_model: none
  intrinsics: [-0.3029009017613331, 0.5484217035880092, 200.64308518388555, 201.01427866255517, 315.3444373724974, 198.16793088440872]
  resolution: [640, 400]
  rostopic: /cam1/image_raw
  timeshift_cam_imu: -0.001704122518719963
