cam0:
  cam_overlaps: [1]
  camera_model: pinhole
  distortion_coeffs: [0.9499692891278142]
  distortion_model: fov
  intrinsics: [271.4294898552622, 271.6000430426206, 315.58293610936585, 200.0831774057312]
  resolution: [640, 400]
  rostopic: /cam0/image_raw
cam1:
  T_cn_cnm1:
  - [0.9996388369674075, -0.023820851279784762, 0.012440364575106088, -0.08084982845697704]
  - [0.023933194883739184, 0.9996733967870747, -0.00896113490888016, -0.0003728423464144887]
  - [-0.012222839650103337, 0.009255636148021747, 0.9998824607874616, 0.0009211362119436882]
  - [0.0, 0.0, 0.0, 1.0]
  cam_overlaps: [0]
  camera_model: pinhole
  distortion_coeffs: [0.948722474147742]
  distortion_model: fov
  intrinsics: [271.5998742138149, 271.77828254360446, 315.5221905853826, 200.91928100286984]
  resolution: [640, 400]
  rostopic: /cam1/image_raw
