%YAML:1.0
---
type: IMU
name: Cougar2085V4_noise
Gyr:
   unit: " rad/s"
   avg-axis:
      gyr_n: 2.4229198489859262e-03
      gyr_w: 4.5217656823177781e-05
   x-axis:
      gyr_n: 2.9723452253360059e-03
      gyr_w: 6.3314433068308696e-05
   y-axis:
      gyr_n: 2.3201039791238523e-03
      gyr_w: 4.0923427742466753e-05
   z-axis:
      gyr_n: 1.9763103424979204e-03
      gyr_w: 3.1415109658757914e-05
Acc:
   unit: " m/s^2"
   avg-axis:
      acc_n: 2.8946389580201543e-02
      acc_w: 8.3838637367487283e-04
   x-axis:
      acc_n: 2.6473654113418576e-02
      acc_w: 6.7315845220217152e-04
   y-axis:
      acc_n: 2.5151185527686280e-02
      acc_w: 7.3025614316576796e-04
   z-axis:
      acc_n: 3.5214329099499772e-02
      acc_w: 1.1117445256566794e-03
