rostopic: /imu0
update_rate: 200.0 #Hz

accelerometer_noise_density: 5.0667369989764087e-02 #continous
accelerometer_random_walk: 2.3884612458380159e-03 
gyroscope_noise_density: 3.1413478409994238e-03 #continous
gyroscope_random_walk: 9.8370866548530870e-05



