%YAML:1.0
---
type: IMU
name: rst265_noise
Gyr:
   unit: " rad/s"
   avg-axis:
      gyr_n: 3.1413478409994238e-03
      gyr_w: 9.8370866548530870e-05
   x-axis:
      gyr_n: 3.3713109751086477e-03
      gyr_w: 1.0161793662685255e-04
   y-axis:
      gyr_n: 3.1551150409702528e-03
      gyr_w: 9.4194959384062644e-05
   z-axis:
      gyr_n: 2.8976175069193714e-03
      gyr_w: 9.9299703634677432e-05
Acc:
   unit: " m/s^2"
   avg-axis:
      acc_n: 5.0667369989764087e-02
      acc_w: 2.3884612458380159e-03
   x-axis:
      acc_n: 5.9289842001918273e-02
      acc_w: 2.4248396764413684e-03
   y-axis:
      acc_n: 4.6258568061371276e-02
      acc_w: 2.1568119504682078e-03
   z-axis:
      acc_n: 4.6453699906002704e-02
      acc_w: 2.5837321106044705e-03
