rostopic: /imu0
update_rate: 200.0 #Hz

accelerometer_noise_density: 2.8946389580201543e-02 #continous
accelerometer_random_walk: 8.3838637367487283e-04 
gyroscope_noise_density: 2.4229198489859262e-03 #continous
gyroscope_random_walk: 4.5217656823177781e-05



