cam0:
  cam_overlaps: [1]
  camera_model: omni
  distortion_coeffs: []
  distortion_model: none
  intrinsics: [1.8085547177850039, 796.1591554769963, 798.5420683457343, 314.2412281083559, 200.88208336494398]
  resolution: [640, 400]
  rostopic: /cam0/image_raw
cam1:
  T_cn_cnm1:
  - [0.9998110758850166, 0.01596939357177032, -0.011081110350071572, 0.08068221858894689]
  - [-0.016038990945627562, 0.9998520169146514, -0.006220533831166269, -0.0015606751668187566]
  - [0.010980132380196501, 0.006397088450889806, 0.9999192537161488, 0.00010200477062223518]
  - [0.0, 0.0, 0.0, 1.0]
  cam_overlaps: [0]
  camera_model: omni
  distortion_coeffs: []
  distortion_model: none
  intrinsics: [1.8024782141941071, 792.5655332768079, 794.394829665698, 313.43049624238034, 200.0907546402761]
  resolution: [640, 400]
  rostopic: /cam1/image_raw
