cam0:
  cam_overlaps: [1]
  camera_model: omni
  distortion_coeffs: []
  distortion_model: none
  intrinsics: [1.8559280824288407, 820.5624293301049, 822.7990030658589, 315.3125249846915, 199.25758823330654]
  resolution: [640, 400]
  rostopic: /cam0/image_raw
cam1:
  T_cn_cnm1:
  - [0.9995995620703769, -0.02359870060251914, 0.015614635396773591, -0.08046275316578737]
  - [0.02366828643797856, 0.9997106762011312, -0.0042867361194349985, -9.017908965439034e-05]
  - [-0.015508956308898165, 0.004654591210893949, 0.9998688949331602, 0.0010263476398379187]
  - [0.0, 0.0, 0.0, 1.0]
  cam_overlaps: [0]
  camera_model: omni
  distortion_coeffs: []
  distortion_model: none
  intrinsics: [1.835345209652859, 814.1441639183427, 816.9970710743828, 314.1823315729458, 198.51868729317712]
  resolution: [640, 400]
  rostopic: /cam1/image_raw
