%YAML:1.0
---
cam0:
  cam_overlaps: [1]
  camera_model: omni
  distortion_coeffs: []
  distortion_model: none
  intrinsics: [1.7384773940373872, 769.5203299100198, 771.822570173761, 316.1707300343471, 201.51999200366453]
  resolution: [640, 400]
  rostopic: /cam0/image_raw
cam1:
  T_cn_cnm1:
    - [0.9996046392053919, -0.02454610567711058, 0.013713277330841444, -0.08018823052935017]
    - [0.02460617047127528, 0.9996882790580893, -0.0042286036253642795, 1.4193863210024454e-05]
    - [-0.013605206863660346, 0.004564363040997418, 0.9998970271664144, -0.00028394077770803333]
    - [0.0, 0.0, 0.0, 1.0]
  cam_overlaps: [0]
  camera_model: omni
  distortion_coeffs: []
  distortion_model: none
  intrinsics: [1.7039722750538127, 757.4702694793536, 759.7645511062647, 315.42066010976896, 200.60577999722267]
  resolution: [640, 400]
  rostopic: /cam1/image_raw
