cam0:
  T_cam_imu:
  - [0.9997638729152725, 0.015273322942707668, -0.01545716726129239, 0.048814059074499594]
  - [-0.015315633357252736, 0.999879269389299, -0.0026225980226974527, 0.004159339869298548]
  - [0.015415245321499656, 0.0028587150627876244, 0.9998770914266757, 0.004208885485727147]
  - [0.0, 0.0, 0.0, 1.0]
  cam_overlaps: [1]
  camera_model: pinhole
  distortion_coeffs: [0.925142297424674]
  distortion_model: fov
  intrinsics: [267.2251450547752, 267.64848708718597, 314.5333611534087, 198.7995284662385]
  resolution: [640, 400]
  rostopic: /cam0/image_raw
  timeshift_cam_imu: -0.0017040061710286583
cam1:
  T_cam_imu:
  - [0.9999652786930817, -0.008143242185688444, -0.0017689021942041909, -0.03181114568103778]
  - [0.00813024956009502, 0.9999407964122561, -0.007232061429047207, 0.005106614341317699]
  - [0.0018276898965664333, 0.007217428706136397, 0.9999722837521617, 0.00435670549504024]
  - [0.0, 0.0, 0.0, 1.0]
  T_cn_cnm1:
  - [0.9996321276563749, -0.02345272150613565, 0.013622746093980292, -0.08056703615193055]
  - [0.02351253567831365, 0.9997145198178767, -0.00424729693860131, -0.00018140403803148532]
  - [-0.013519246397689507, 0.004566039779093762, 0.9998981854456837, 0.0007891861161145279]
  - [0.0, 0.0, 0.0, 1.0]
  cam_overlaps: [0]
  camera_model: pinhole
  distortion_coeffs: [0.9233685962930176]
  distortion_model: fov
  intrinsics: [266.9850888521345, 267.6408382890132, 314.0552026308079, 198.0890132556777]
  resolution: [640, 400]
  rostopic: /cam1/image_raw
  timeshift_cam_imu: -0.0016840626109531605
