cam0:
  cam_overlaps: [1]
  camera_model: omni
  distortion_coeffs: [-0.11604467172233306, 0.9906082251506084, -0.0035504075015582695, -0.0024597703836713586]
  distortion_model: radtan
  intrinsics: [1.897598400204715, 830.7004540991314, 831.5796172172901, 318.4346794695246, 203.2299297682479]
  resolution: [640, 400]
  rostopic: /cam0/image_raw
cam1:
  T_cn_cnm1:
  - [0.9996282486847713, -0.02476301549095329, 0.01140865878241955, -0.08058152896846343]
  - [0.02481951013185906, 0.9996802455530523, -0.004837206611790353, -6.603926383938214e-05]
  - [-0.011285226990779449, 0.005118565696111566, 0.999923219020832, 3.605553118293328e-05]
  - [0.0, 0.0, 0.0, 1.0]
  cam_overlaps: [0]
  camera_model: omni
  distortion_coeffs: [-0.09993415472546212, 1.0724892865337292, -0.0050297983336975004, -0.00353097486826898]
  distortion_model: radtan
  intrinsics: [1.9377639920314949, 842.2102421275769, 842.621275052926, 318.503835060286, 202.72239736621182]
  resolution: [640, 400]
  rostopic: /cam1/image_raw
