%YAML:1.0
---
cam0:
  cam_overlaps: [1]
  camera_model: omni
  distortion_coeffs: [-0.26467296958997405, 0.4245068935022319, -0.0037499699391679046, -0.0022191834413483338]
  distortion_model: radtan
  intrinsics: [1.5104155252441331, 726.4559700365147, 728.2066062837598, 317.4105220357786, 202.9967021834483]
  resolution: [640, 400]
  rostopic: /cam0/image_raw
cam1:
  T_cn_cnm1:
    - [0.9996169592586737, -0.024634404328854366, 0.012612727135794127, -0.08071017298767309]
    - [0.02469550887262694, 0.9996839142803832, -0.004712045263987908, -0.00030413106284329813]
    - [-0.01249266200461216, 0.005021718073566862, 0.9999093537634421, 0.000452884388587659]
    - [0.0, 0.0, 0.0, 1.0]
  cam_overlaps: [0]
  camera_model: omni
  distortion_coeffs: [-0.21708566533084953, 0.5293347094428319, -0.005348037392789035, -0.0031917900385954783]
  distortion_model: radtan
  intrinsics: [1.659933778602613, 769.9622782635948, 771.5341179193132, 317.334199769913, 202.59006937863566]
  resolution: [640, 400]
  rostopic: /cam1/image_raw
