%YAML:1.0
---
cam0:
  cam_overlaps: [1]
  camera_model: eucm
  distortion_coeffs: []
  distortion_model: none
  intrinsics: [0.5799120978961041, 1.1833251897523838, 288.9118770534317, 289.6759831853018, 316.3553067958767, 200.91392181992887]
  resolution: [640, 400]
  rostopic: /cam0/image_raw
cam1:
  T_cn_cnm1:
    - [0.9996200183842764, -0.024355627088064623, 0.012908225074227814, -0.08042019812613231]
    - [0.024412938944716564, 0.9996927072176207, -0.004301110087745681, 5.308717266639138e-05]
    - [-0.012799502236467322, 0.004614603455606915, 0.9999074348045658, 0.00010461336353878252]
    - [0.0, 0.0, 0.0, 1.0]
  cam_overlaps: [0]
  camera_model: eucm
  distortion_coeffs: []
  distortion_model: none
  intrinsics: [0.5734444933514756, 1.193467556291151, 288.570507956399, 289.3111970760531, 315.9828926911533, 200.02375740232554]
  resolution: [640, 400]
  rostopic: /cam1/image_raw
