cam0:
  cam_overlaps: [1]
  camera_model: ds
  distortion_coeffs: []
  distortion_model: none
  intrinsics: [-0.361806990460226, 0.5229193103117522, 186.11584402695476, 186.29748783254186, 315.8502263926658, 199.79859323593058]
  resolution: [640, 400]
  rostopic: /cam0/image_raw
cam1:
  T_cn_cnm1:
  - [0.9996196758735726, -0.023920551544163657, 0.013722638967595775, -0.08079390656250146]
  - [0.023985384251353097, 0.9997018202097382, -0.004579520897387022, 3.0699926891815706e-05]
  - [-0.013609002488313067, 0.0049069219636826466, 0.9998953531085709, 0.00014338340708898645]
  - [0.0, 0.0, 0.0, 1.0]
  cam_overlaps: [0]
  camera_model: ds
  distortion_coeffs: []
  distortion_model: none
  intrinsics: [-0.3606006727870433, 0.5224330552737738, 186.241174412523, 186.3546225474046, 315.40796445256086, 199.09839713514862]
  resolution: [640, 400]
  rostopic: /cam1/image_raw
