%YAML:1.0
---
cam0:
  cam_overlaps: [1]
  camera_model: ds
  distortion_coeffs: []
  distortion_model: none
  intrinsics: [-0.27856548233709977, 0.5607322658242858, 208.71565183153055, 209.26946491132728, 316.2892171342848, 200.84278623907932]
  resolution: [640, 400]
  rostopic: /cam0/image_raw
cam1:
  T_cn_cnm1:
    - [0.9996235067313608, -0.0243373664639776, 0.012670334790201849, -0.08041776546198086]
    - [0.02439354962591534, 0.9996931908531527, -0.004298708932995816, 3.535127567872291e-05]
    - [-0.012561828160970298, 0.004606164938500452, 0.9999104878526949, 0.00012768289647982722]
    - [0.0, 0.0, 0.0, 1.0]
  cam_overlaps: [0]
  camera_model: ds
  distortion_coeffs: []
  distortion_model: none
  intrinsics: [-0.28957071136943296, 0.5548695614485096, 205.3538755068942, 205.87112525568776, 315.9783001777408, 199.9697096240708]
  resolution: [640, 400]
  rostopic: /cam1/image_raw
