cam0:
  T_cam_imu:
  - [0.9993869974657499, 0.0035029650148852526, -0.03483329631973341, 0.05832455361214687]
  - [-0.0036322298446264533, 0.9999867480707287, -0.0036483680303918903, -0.002212869136058237]
  - [0.034820054605782406, 0.0037726541100226345, 0.9993864772340163, 0.04170972215049735]
  - [0.0, 0.0, 0.0, 1.0]
  cam_overlaps: [1]
  camera_model: pinhole
  distortion_coeffs: [-0.2554219208293354, 0.051007759649731525, -0.0005570137397746864, 0.0005840296330395519]
  distortion_model: radtan
  intrinsics: [307.9002278362586, 309.7871889559134, 312.0968388711455, 199.4575377560036]
  resolution: [640, 400]
  rostopic: /cam0/image_raw
  timeshift_cam_imu: -0.001682738016477026
cam1:
  T_cam_imu:
  - [0.9994897402132455, -0.019838840380043594, 0.025033569877962607, -0.01642419902604396]
  - [0.020156016688036602, 0.9997189285230412, -0.012481944720868268, -0.0018366771469153992]
  - [-0.024778906346553612, 0.012980152738638057, 0.9996086841535297, 0.041350364282880095]
  - [0.0, 0.0, 0.0, 1.0]
  T_cn_cnm1:
  - [0.9979355539482506, -0.02356028561696388, 0.05974565346237525, -0.07717245517826023]
  - [0.024080428709169762, 0.9996780077612228, -0.008000859437345895, -0.0006952871686989743]
  - [-0.05953791329213461, 0.009423043043553347, 0.998181568223246, 0.0032098625934221]
  - [0.0, 0.0, 0.0, 1.0]
  cam_overlaps: [0]
  camera_model: pinhole
  distortion_coeffs: [-0.25163850950428573, 0.04999516575400219, -0.000468941317236058, 0.0031938031659153885]
  distortion_model: radtan
  intrinsics: [305.54555501362415, 308.99666264269047, 295.44171439641065, 200.19607631404787]
  resolution: [640, 400]
  rostopic: /cam1/image_raw
  timeshift_cam_imu: -0.0018048248959015379
