cam0:
  cam_overlaps: [1]
  camera_model: ds
  distortion_coeffs: []
  distortion_model: none
  intrinsics: [-0.30221381782770596, 0.5495114887218153, 200.8613473392692, 201.14091548356092, 315.62323867381, 199.04803515215116]
  resolution: [640, 400]
  rostopic: /cam0/image_raw
cam1:
  T_cn_cnm1:
  - [0.9996451112546665, -0.02351100801338557, 0.012525336196532282, -0.08042607721775284]
  - [0.023558805292814178, 0.9997156714556138, -0.0036822464913118117, -0.00010447044645302564]
  - [-0.012435201559159104, 0.00397602166015565, 0.9999147748753077, 0.0008659854392959236]
  - [0.0, 0.0, 0.0, 1.0]
  cam_overlaps: [0]
  camera_model: ds
  distortion_coeffs: []
  distortion_model: none
  intrinsics: [-0.3029009017613331, 0.5484217035880092, 200.64308518388555, 201.01427866255517, 315.3444373724974, 198.16793088440872]
  resolution: [640, 400]
  rostopic: /cam1/image_raw
