cam0:
  T_cam_imu:
  - [0.9996137806348455, 0.017782698572773904, -0.02135568299961735, 0.0451619024772944]
  - [-0.01803852879448825, 0.9997671005860733, -0.011847196488877786, 0.0023805213227002494]
  - [0.021140034149468603, 0.012227845974885555, 0.9997017448914316, 0.0017373033743586855]
  - [0.0, 0.0, 0.0, 1.0]
  cam_overlaps: [1]
  camera_model: omni
  distortion_coeffs: [-0.11604467172233306, 0.9906082251506084, -0.0035504075015582695, -0.0024597703836713586]
  distortion_model: radtan
  intrinsics: [1.897598400204715, 830.7004540991314, 831.5796172172901, 318.4346794695246, 203.2299297682479]
  resolution: [640, 400]
  rostopic: /cam0/image_raw
  timeshift_cam_imu: -0.001646444490212627
cam1:
  T_cam_imu:
  - [0.9999300407014053, -0.0068416570455957955, -0.009649115594540398, -0.035475544072804205]
  - [0.0066749047487613955, 0.9998296298597499, -0.017209209775905558, 0.003426213477321984]
  - [0.009765211184675724, 0.01714359890415692, 0.9998053498892335, 0.0012757480476769459]
  - [0.0, 0.0, 0.0, 1.0]
  T_cn_cnm1:
  - [0.9996282486847708, -0.02476301549095329, 0.011408658782419551, -0.08058152896846343]
  - [0.02481951013185906, 0.9996802455530519, -0.004837206611790352, -6.603926383938214e-05]
  - [-0.01128522699077945, 0.005118565696111567, 0.9999232190208316, 3.605553118293328e-05]
  - [0.0, 0.0, 0.0, 1.0]
  cam_overlaps: [0]
  camera_model: omni
  distortion_coeffs: [-0.09993415472546212, 1.0724892865337292, -0.0050297983336975004, -0.00353097486826898]
  distortion_model: radtan
  intrinsics: [1.9377639920314949, 842.2102421275769, 842.621275052926, 318.503835060286, 202.72239736621182]
  resolution: [640, 400]
  rostopic: /cam1/image_raw
  timeshift_cam_imu: -0.0017220514426538145
