%YAML:1.0
---
Camera.type: pinhole
Distortion.type: equidistant
EnableDewarp: true
# Camera left : fx fy cx cy xi alpha beta
Camera.fx: 2.8936034236105559e+02
Camera.fy: 2.9013607274800347e+02
Camera.cx: 3.1615159345572323e+02
Camera.cy: 2.0079298862629477e+02
Camera.xi: 0.
Camera.alpha: 0.
Camera.beta: 0.
# Camera left : k1 k2 k3 k4 p1(r1) p2(r2) w
Camera.k1: -1.3765462813477661e-02
Camera.k2: 2.1688717440579677e-02
Camera.k3: -2.0028276758604559e-02
Camera.k4: 9.3994377358481186e-03
Camera.p1: 0.
Camera.p2: 0.
Camera.w: 0.
# p1 , intrinsic matrix on base left camera
p1: !!opencv-matrix
   rows: 3
   cols: 4
   dt: f
   data: [ 2.89360352e+02, 0., 3.16151581e+02, 0., 0., 2.90136078e+02,
       2.00792984e+02, 0., 0., 0., 1., 0. ]
# Camera right : fx fy cx cy xi alpha beta
Camera2.fx: 2.8920367592126780e+02
Camera2.fy: 2.8998114732641011e+02
Camera2.cx: 3.1588386957212799e+02
Camera2.cy: 1.9990524803084071e+02
Camera2.xi: 0.
Camera2.alpha: 0.
Camera2.beta: 0.
# Camera right : k1 k2 k3 k4 p1(r1) p2(r2) w
Camera2.k1: -2.1848277387672296e-02
Camera2.k2: 4.6589699333210652e-02
Camera2.k3: -3.9606933672635319e-02
Camera2.k4: 1.1156528086455399e-02
Camera2.p1: 0.
Camera2.p2: 0.
Camera2.w: 0.
# p2 , intrinsic matrix on base right camera
p2: !!opencv-matrix
   rows: 3
   cols: 4
   dt: f
   data: [ 2.89360352e+02, 0., 3.16151581e+02, -2.32759209e+01, 0.,
       2.90136078e+02, 2.00792984e+02, 0., 0., 0., 1., 0. ]
# Camera resolution
Camera.width: 640
Camera.height: 400
# Camera frames per second
Camera.fps: 30.
# Color order of the images (0: BGR, 1: RGB. It is ignored if images are grayscale)
Camera.RGB: 1
# Image scale, it changes the image size to be processed (<1.0: reduce, >1.0: increase)
Camera.imageScale: 1
# Close/Far threshold. Baseline times.
ThDepth: 80.
# stereo baseline times fx. = fx * baseline /m
Camera.bf: 2.3275920867919922e+01
# Tlr , from right camera to left camera
Tlr: !!opencv-matrix
   rows: 4
   cols: 4
   dt: f
   data: [ 9.99625206e-01, -2.43071429e-02, 1.25959748e-02,
       -8.04392248e-02, 2.43640691e-02, 9.99693513e-01, -4.38568415e-03,
       8.17311957e-05, -1.24855107e-02, 4.69092978e-03, 9.99911070e-01,
       4.29013126e-05, 0., 0., 0., 1. ]
# Do not insert KFs when recently lost
InsertKFsWhenLost: 0
# 
# ORB Parameters
# ORB Extractor: Number of features per image
ORBextractor.nFeatures: 1500
# ORB Extractor: Scale factor between levels in the scale pyramid
ORBextractor.scaleFactor: 1.2000000000000000e+00
# ORB Extractor: Number of levels in the scale pyramid
ORBextractor.nLevels: 8
# Image is divided in a grid. At each cell FAST are extracted imposing a minimum response.
# Firstly we impose iniThFAST. If no corners are detected we impose a lower value minThFAST
# You can lower these values if your images have low contrast
ORBextractor.iniThFAST: 20
ORBextractor.minThFAST: 7
# Viewer Parameters
Viewer.KeyFrameSize: 5.0000000000000003e-02
Viewer.KeyFrameLineWidth: 1
Viewer.GraphLineWidth: 9.0000000000000002e-01
Viewer.PointSize: 2
Viewer.CameraSize: 8.0000000000000002e-02
Viewer.CameraLineWidth: 3
Viewer.ViewpointX: 0
Viewer.ViewpointY: -6.9999999999999996e-01
Viewer.ViewpointZ: -3.5000000000000000e+00
Viewer.ViewpointF: 500
