%YAML:1.0
---
Camera.type: pinhole
Distortion.type: equidistant
EnableDewarp: true
# Camera left : fx fy cx cy xi alpha beta
Camera.fx: 2.8781979757010600e+02
Camera.fy: 2.8764116911717724e+02
Camera.cx: 3.1809098039042061e+02
Camera.cy: 2.0147164968291335e+02
Camera.xi: 0.
Camera.alpha: 0.
Camera.beta: 0.
# Camera left : k1 k2 k3 k4 p1(r1) p2(r2) w
Camera.k1: 1.7092771597678993e-02
Camera.k2: -2.0037691198735941e-01
Camera.k3: 7.5199831132535733e-01
Camera.k4: -9.0258125355606722e-01
Camera.p1: 0.
Camera.p2: 0.
Camera.w: 0.
# p1 , intrinsic matrix on base left camera
p1: !!opencv-matrix
   rows: 3
   cols: 4
   dt: f
   data: [ 2.87819794e+02, 0., 3.18090973e+02, 0., 0., 2.87641174e+02,
       2.01471649e+02, 0., 0., 0., 1., 0. ]
# Camera right : fx fy cx cy xi alpha beta
Camera2.fx: 2.8815260271644917e+02
Camera2.fy: 2.8776024478244682e+02
Camera2.cx: 3.1710515953539016e+02
Camera2.cy: 2.0119450557139712e+02
Camera2.xi: 0.
Camera2.alpha: 0.
Camera2.beta: 0.
# Camera right : k1 k2 k3 k4 p1(r1) p2(r2) w
Camera2.k1: -1.2600167753660839e-02
Camera2.k2: 5.5259119210970334e-02
Camera2.k3: -1.1014366149036152e-01
Camera2.k4: 8.6853016504757463e-02
Camera2.p1: 0.
Camera2.p2: 0.
Camera2.w: 0.
# p2 , intrinsic matrix on base right camera
p2: !!opencv-matrix
   rows: 3
   cols: 4
   dt: f
   data: [ 2.87819794e+02, 0., 3.18090973e+02, -2.32112484e+01, 0.,
       2.87641174e+02, 2.01471649e+02, 0., 0., 0., 1., 0. ]
# Camera resolution
Camera.width: 640
Camera.height: 400
# Camera frames per second
Camera.fps: 30.
# Color order of the images (0: BGR, 1: RGB. It is ignored if images are grayscale)
Camera.RGB: 1
# Image scale, it changes the image size to be processed (<1.0: reduce, >1.0: increase)
Camera.imageScale: 1
# Close/Far threshold. Baseline times.
ThDepth: 80.
# stereo baseline times fx. = fx * baseline /m
Camera.bf: 2.3211248397827148e+01
# Tlr , from right camera to left camera
Tlr: !!opencv-matrix
   rows: 4
   cols: 4
   dt: f
   data: [ 9.99575377e-01, -2.45694872e-02, 1.56663954e-02,
       -8.06450695e-02, 2.46631224e-02, 9.99678910e-01, -5.81184682e-03,
       -1.27250256e-04, -1.55185722e-02, 6.19576126e-03, 9.99860406e-01,
       2.81926885e-04, 0., 0., 0., 1. ]
# Do not insert KFs when recently lost
InsertKFsWhenLost: 0
# 
# ORB Parameters
# ORB Extractor: Number of features per image
ORBextractor.nFeatures: 1500
# ORB Extractor: Scale factor between levels in the scale pyramid
ORBextractor.scaleFactor: 1.2000000000000000e+00
# ORB Extractor: Number of levels in the scale pyramid
ORBextractor.nLevels: 8
# Image is divided in a grid. At each cell FAST are extracted imposing a minimum response.
# Firstly we impose iniThFAST. If no corners are detected we impose a lower value minThFAST
# You can lower these values if your images have low contrast
ORBextractor.iniThFAST: 20
ORBextractor.minThFAST: 7
# Viewer Parameters
Viewer.KeyFrameSize: 5.0000000000000003e-02
Viewer.KeyFrameLineWidth: 1
Viewer.GraphLineWidth: 9.0000000000000002e-01
Viewer.PointSize: 2
Viewer.CameraSize: 8.0000000000000002e-02
Viewer.CameraLineWidth: 3
Viewer.ViewpointX: 0
Viewer.ViewpointY: -6.9999999999999996e-01
Viewer.ViewpointZ: -3.5000000000000000e+00
Viewer.ViewpointF: 500
