%YAML:1.0
---
Camera.type: pinhole
Distortion.type: fov
EnableDewarp: true
# Camera left : fx fy cx cy xi alpha beta
Camera.fx: 2.7142948985526220e+02
Camera.fy: 2.7160004304262060e+02
Camera.cx: 3.1558293610936585e+02
Camera.cy: 2.0008317740573119e+02
Camera.xi: 0.
Camera.alpha: 0.
Camera.beta: 0.
# Camera left : k1 k2 k3 k4 p1(r1) p2(r2) w
Camera.k1: 0.
Camera.k2: 0.
Camera.k3: 0.
Camera.k4: 0.
Camera.p1: 0.
Camera.p2: 0.
Camera.w: 9.4996928912781420e-01
# p1 , intrinsic matrix on base left camera
p1: !!opencv-matrix
   rows: 3
   cols: 4
   dt: f
   data: [ 2.71429504e+02, 0., 3.15582947e+02, 0., 0., 2.71600037e+02,
       2.00083176e+02, 0., 0., 0., 1., 0. ]
# Camera right : fx fy cx cy xi alpha beta
Camera2.fx: 2.7159987421381493e+02
Camera2.fy: 2.7177828254360446e+02
Camera2.cx: 3.1552219058538259e+02
Camera2.cy: 2.0091928100286984e+02
Camera2.xi: 0.
Camera2.alpha: 0.
Camera2.beta: 0.
# Camera right : k1 k2 k3 k4 p1(r1) p2(r2) w
Camera2.k1: 0.
Camera2.k2: 0.
Camera2.k3: 0.
Camera2.k4: 0.
Camera2.p1: 0.
Camera2.p2: 0.
Camera2.w: 9.4872247414774202e-01
# p2 , intrinsic matrix on base right camera
p2: !!opencv-matrix
   rows: 3
   cols: 4
   dt: f
   data: [ 2.71429504e+02, 0., 3.15582947e+02, -2.19450264e+01, 0.,
       2.71600037e+02, 2.00083176e+02, 0., 0., 0., 1., 0. ]
# Camera resolution
Camera.width: 640
Camera.height: 400
# Camera frames per second
Camera.fps: 30.
# Color order of the images (0: BGR, 1: RGB. It is ignored if images are grayscale)
Camera.RGB: 1
# Image scale, it changes the image size to be processed (<1.0: reduce, >1.0: increase)
Camera.imageScale: 1
# Close/Far threshold. Baseline times.
ThDepth: 80.
# stereo baseline times fx. = fx * baseline /m
Camera.bf: 2.1945026397705078e+01
# Tlr , from right camera to left camera
Tlr: !!opencv-matrix
   rows: 4
   cols: 4
   dt: f
   data: [ 9.99638855e-01, -2.38208510e-02, 1.24403648e-02,
       -8.08498263e-02, 2.39331946e-02, 9.99673426e-01, -8.96113459e-03,
       -3.72842333e-04, -1.22228395e-02, 9.25563648e-03, 9.99882460e-01,
       9.21136234e-04, 0., 0., 0., 1. ]
# Do not insert KFs when recently lost
InsertKFsWhenLost: 0
# 
# ORB Parameters
# ORB Extractor: Number of features per image
ORBextractor.nFeatures: 1500
# ORB Extractor: Scale factor between levels in the scale pyramid
ORBextractor.scaleFactor: 1.2000000000000000e+00
# ORB Extractor: Number of levels in the scale pyramid
ORBextractor.nLevels: 8
# Image is divided in a grid. At each cell FAST are extracted imposing a minimum response.
# Firstly we impose iniThFAST. If no corners are detected we impose a lower value minThFAST
# You can lower these values if your images have low contrast
ORBextractor.iniThFAST: 20
ORBextractor.minThFAST: 7
# Viewer Parameters
Viewer.KeyFrameSize: 5.0000000000000003e-02
Viewer.KeyFrameLineWidth: 1
Viewer.GraphLineWidth: 9.0000000000000002e-01
Viewer.PointSize: 2
Viewer.CameraSize: 8.0000000000000002e-02
Viewer.CameraLineWidth: 3
Viewer.ViewpointX: 0
Viewer.ViewpointY: -6.9999999999999996e-01
Viewer.ViewpointZ: -3.5000000000000000e+00
Viewer.ViewpointF: 500
