cam0:
  cam_overlaps: [1]
  camera_model: pinhole
  distortion_coeffs: [-0.364746503921951, 0.1739683357137741, -0.0029158874845608067, 0.0010186122326133833]
  distortion_model: radtan
  intrinsics: [302.6495944512016, 302.7256768212694, 315.55733297123436, 204.8479886442361]
  resolution: [640, 400]
  rostopic: /cam0/image_raw
cam1:
  T_cn_cnm1:
  - [0.9995783107467109, -0.024418115298592405, 0.015714844256830618, -0.08053344159767233]
  - [0.024538145156197497, 0.9996708278793504, -0.00749101590625131, -0.00022970552617193878]
  - [-0.015526754878118484, 0.007873470154828572, 0.9998484526920447, 0.0005787567917813355]
  - [0.0, 0.0, 0.0, 1.0]
  cam_overlaps: [0]
  camera_model: pinhole
  distortion_coeffs: [-0.3700071763765634, 0.1970674820960144, -0.0034725749099736992, 0.001527628252333702]
  distortion_model: radtan
  intrinsics: [302.57770676524314, 302.5894781682643, 314.12871517739694, 205.24462897515198]
  resolution: [640, 400]
  rostopic: /cam1/image_raw
