%YAML:1.0
---
Camera.type: pinhole
Distortion.type: radtan
EnableDewarp: true
# Camera left : fx fy cx cy xi alpha beta
Camera.fx: 3.0264959445120161e+02
Camera.fy: 3.0272567682126942e+02
Camera.cx: 3.1555733297123436e+02
Camera.cy: 2.0484798864423610e+02
Camera.xi: 0.
Camera.alpha: 0.
Camera.beta: 0.
# Camera left : k1 k2 k3 k4 p1(r1) p2(r2) w
Camera.k1: -3.6474650392195102e-01
Camera.k2: 1.7396833571377410e-01
Camera.k3: 0.
Camera.k4: 0.
Camera.p1: -2.9158874845608067e-03
Camera.p2: 1.0186122326133833e-03
Camera.w: 0.
# p1 , intrinsic matrix on base left camera
p1: !!opencv-matrix
   rows: 3
   cols: 4
   dt: f
   data: [ 3.02649597e+02, 0., 3.15557343e+02, 0., 0., 3.02725677e+02,
       2.04847992e+02, 0., 0., 0., 1., 0. ]
# Camera right : fx fy cx cy xi alpha beta
Camera2.fx: 3.0257770676524314e+02
Camera2.fy: 3.0258947816826429e+02
Camera2.cx: 3.1412871517739694e+02
Camera2.cy: 2.0524462897515198e+02
Camera2.xi: 0.
Camera2.alpha: 0.
Camera2.beta: 0.
# Camera right : k1 k2 k3 k4 p1(r1) p2(r2) w
Camera2.k1: -3.7000717637656338e-01
Camera2.k2: 1.9706748209601441e-01
Camera2.k3: 0.
Camera2.k4: 0.
Camera2.p1: -3.4725749099736992e-03
Camera2.p2: 1.5276282523337020e-03
Camera2.w: 0.
# p2 , intrinsic matrix on base right camera
p2: !!opencv-matrix
   rows: 3
   cols: 4
   dt: f
   data: [ 3.02649597e+02, 0., 3.15557343e+02, -2.43734150e+01, 0.,
       3.02725677e+02, 2.04847992e+02, 0., 0., 0., 1., 0. ]
# Camera resolution
Camera.width: 640
Camera.height: 400
# Camera frames per second
Camera.fps: 30.
# Color order of the images (0: BGR, 1: RGB. It is ignored if images are grayscale)
Camera.RGB: 1
# Image scale, it changes the image size to be processed (<1.0: reduce, >1.0: increase)
Camera.imageScale: 1
# Close/Far threshold. Baseline times.
ThDepth: 80.
# stereo baseline times fx. = fx * baseline /m
Camera.bf: 2.4373414993286133e+01
# Tlr , from right camera to left camera
Tlr: !!opencv-matrix
   rows: 4
   cols: 4
   dt: f
   data: [ 9.99578297e-01, -2.44181156e-02, 1.57148447e-02,
       -8.05334449e-02, 2.45381445e-02, 9.99670804e-01, -7.49101583e-03,
       -2.29705533e-04, -1.55267548e-02, 7.87346996e-03, 9.99848425e-01,
       5.78756793e-04, 0., 0., 0., 1. ]
# Do not insert KFs when recently lost
InsertKFsWhenLost: 0
# 
# ORB Parameters
# ORB Extractor: Number of features per image
ORBextractor.nFeatures: 1500
# ORB Extractor: Scale factor between levels in the scale pyramid
ORBextractor.scaleFactor: 1.2000000000000000e+00
# ORB Extractor: Number of levels in the scale pyramid
ORBextractor.nLevels: 8
# Image is divided in a grid. At each cell FAST are extracted imposing a minimum response.
# Firstly we impose iniThFAST. If no corners are detected we impose a lower value minThFAST
# You can lower these values if your images have low contrast
ORBextractor.iniThFAST: 20
ORBextractor.minThFAST: 7
# Viewer Parameters
Viewer.KeyFrameSize: 5.0000000000000003e-02
Viewer.KeyFrameLineWidth: 1
Viewer.GraphLineWidth: 9.0000000000000002e-01
Viewer.PointSize: 2
Viewer.CameraSize: 8.0000000000000002e-02
Viewer.CameraLineWidth: 3
Viewer.ViewpointX: 0
Viewer.ViewpointY: -6.9999999999999996e-01
Viewer.ViewpointZ: -3.5000000000000000e+00
Viewer.ViewpointF: 500
