%YAML:1.0
---
Camera.type: pinhole
Distortion.type: radtan
EnableDewarp: true
# Camera left : fx fy cx cy xi alpha beta
Camera.fx: 3.1406049543558788e+02
Camera.fy: 3.1487904908723505e+02
Camera.cx: 3.1725824457015716e+02
Camera.cy: 2.0075205137851796e+02
Camera.xi: 0.
Camera.alpha: 0.
Camera.beta: 0.
# Camera left : k1 k2 k3 k4 p1(r1) p2(r2) w
Camera.k1: -3.3903800576034498e-01
Camera.k2: 1.0682903369836565e-01
Camera.k3: 0.
Camera.k4: 0.
Camera.p1: -4.3748006877168541e-04
Camera.p2: 8.4811509560614994e-06
Camera.w: 0.
# p1 , intrinsic matrix on base left camera
p1: !!opencv-matrix
   rows: 3
   cols: 4
   dt: f
   data: [ 3.14060486e+02, 0., 3.17258240e+02, 0., 0., 3.14879059e+02,
       2.00752045e+02, 0., 0., 0., 1., 0. ]
# Camera right : fx fy cx cy xi alpha beta
Camera2.fx: 3.1442492629589827e+02
Camera2.fy: 3.1519791801525423e+02
Camera2.cx: 3.1358165399993698e+02
Camera2.cy: 2.0013819589097025e+02
Camera2.xi: 0.
Camera2.alpha: 0.
Camera2.beta: 0.
# Camera right : k1 k2 k3 k4 p1(r1) p2(r2) w
Camera2.k1: -3.3596119204257785e-01
Camera2.k2: 1.0377651300002938e-01
Camera2.k3: 0.
Camera2.k4: 0.
Camera2.p1: -7.8032051836486062e-04
Camera2.p2: 1.2970579440457822e-03
Camera2.w: 0.
# p2 , intrinsic matrix on base right camera
p2: !!opencv-matrix
   rows: 3
   cols: 4
   dt: f
   data: [ 3.14060486e+02, 0., 3.17258240e+02, -2.52764969e+01, 0.,
       3.14879059e+02, 2.00752045e+02, 0., 0., 0., 1., 0. ]
# Camera resolution
Camera.width: 640
Camera.height: 400
# Camera frames per second
Camera.fps: 30.
# Color order of the images (0: BGR, 1: RGB. It is ignored if images are grayscale)
Camera.RGB: 1
# Image scale, it changes the image size to be processed (<1.0: reduce, >1.0: increase)
Camera.imageScale: 1
# Close/Far threshold. Baseline times.
ThDepth: 80.
# stereo baseline times fx. = fx * baseline /m
Camera.bf: 2.5276496887207031e+01
# Tlr , from right camera to left camera
Tlr: !!opencv-matrix
   rows: 4
   cols: 4
   dt: f
   data: [ 9.99444902e-01, -2.40785740e-02, 2.30241846e-02,
       -8.04828927e-02, 2.41859145e-02, 9.99697804e-01, -4.39499412e-03,
       -2.78695279e-05, -2.29114015e-02, 4.94941510e-03, 9.99725223e-01,
       1.58875913e-03, 0., 0., 0., 1. ]
# Do not insert KFs when recently lost
InsertKFsWhenLost: 0
# 
# ORB Parameters
# ORB Extractor: Number of features per image
ORBextractor.nFeatures: 1500
# ORB Extractor: Scale factor between levels in the scale pyramid
ORBextractor.scaleFactor: 1.2000000000000000e+00
# ORB Extractor: Number of levels in the scale pyramid
ORBextractor.nLevels: 8
# Image is divided in a grid. At each cell FAST are extracted imposing a minimum response.
# Firstly we impose iniThFAST. If no corners are detected we impose a lower value minThFAST
# You can lower these values if your images have low contrast
ORBextractor.iniThFAST: 20
ORBextractor.minThFAST: 7
# Viewer Parameters
Viewer.KeyFrameSize: 5.0000000000000003e-02
Viewer.KeyFrameLineWidth: 1
Viewer.GraphLineWidth: 9.0000000000000002e-01
Viewer.PointSize: 2
Viewer.CameraSize: 8.0000000000000002e-02
Viewer.CameraLineWidth: 3
Viewer.ViewpointX: 0
Viewer.ViewpointY: -6.9999999999999996e-01
Viewer.ViewpointZ: -3.5000000000000000e+00
Viewer.ViewpointF: 500
